'1190',2001,91700,,'',0,9000,4,'',0,19300,,'',0,5000,4,'',0,16700,,'',0,9000,4,'',0,19600,,'',0,5000,4,'',0
'1193',2001,72800,,'',0,9000,4,'',0,1800,,'',0,9000,4,'',0,19200,,'',0,9000,4,'',0,19800,,'',0,5000,4,'',0,15100,,'',0,5000,4,'',0,14300,,'',0,5000,4,'',0,5900,,'',0,5000,4,'',0
'1503',2001,72800,,'',0,8700,4,'',0,2100,,'',0,8700,4,'',0,19500,,'',0,8700,4,'',0,20100,,'',0,4700,4,'',0,15400,,'',0,4700,4,'',0,14600,,'',0,4700,4,'',0,6200,,'',0,4700,4,'',0,6400,,'',0,8700,4,'',0,600,,'',0,8700,4,'',0
'1721',2001,72800,,'',0,8700,4,'',0,2100,,'',0,8700,4,'',0,19500,,'',0,8700,4,'',0,20100,,'',0,4700,4,'',0,15400,,'',0,4700,4,'',0,14600,,'',0,4700,4,'',0,6200,,'',0,4700,4,'',0
'1726',2001,91700,,'',0,8400,4,'',0,19900,,'',0,4400,4,'',0,17300,,'',0,8400,4,'',0,20200,,'',0,4500,4,'',0
'792',2001,72800,,'',0,9000,4,'',0,1800,,'',0,9000,4,'',0,19200,,'',0,9000,4,'',0,19800,,'',0,5000,4,'',0,15100,,'',0,5000,4,'',0,14300,,'',0,5000,4,'',0,5900,,'',0,5000,4,'',0,6100,,'',0,9000,4,'',0,300,,'',0,9000,4,'',0
'1190',2101,101200,,'',0,9000,4,'',0,300,,'',0,5000,4,'',0,35700,,'',0,9000,4,'',0,600,,'',0,5000,4,'',0
'1193',2101,72800,,'',0,9000,4,'',0,1800,,'',0,9000,4,'',0,29900,,'',0,9000,4,'',0,29200,,'',0,5000,4,'',0,14300,,'',0,5000,4,'',0,5900,,'',0,5000,4,'',0
'1503',2101,72800,,'',0,7600,4,'',0,3200,,'',0,7600,4,'',0,31300,,'',0,7600,4,'',0,30600,,'',0,3600,4,'',0,15700,,'',0,3600,4,'',0,7300,,'',0,3500,4,'',0,7600,,'',0,3600,4,'',0,5700,,'',0,3600,4,'',0
'1721',2101,72800,,'',0,7600,4,'',0,3200,,'',0,7600,4,'',0,31300,,'',0,7600,4,'',0,30600,,'',0,3600,4,'',0,15700,,'',0,3600,4,'',0,7300,,'',0,3500,4,'',0
'1726',2101,101200,,'',0,3400,4,'',0,5900,,'',0,3400,4,'',0,37300,,'',0,3400,4,'',0,6200,,'',0,3400,4,'',0
'792',2101,72800,,'',0,9000,4,'',0,1800,,'',0,9000,4,'',0,29900,,'',0,9000,4,'',0,29200,,'',0,5000,4,'',0,14300,,'',0,5000,4,'',0,5900,,'',0,5000,4,'',0,6100,,'',0,9000,4,'',0,300,,'',0,9000,4,'',0
