300,104033,1,0
300,136066,2,0
300,106148,3,0
300,136068,4,0
300,136069,5,0
300,108259,6,0
300,108035,7,0
300,106184,8,0
300,106166,9,0
300,136231,10,0
300,136045,11,0
300,136046,12,0
300,106168,13,0
300,136048,14,0
300,106169,15,0
300,108033,16,0
300,136049,17,0
300,136050,18,0
300,106258,19,0
300,109134,20,1
301,109134,1,0
301,108001,2,0
301,136035,3,0
301,136036,4,0
301,136037,5,0
301,136038,6,0
301,136039,7,0
301,136040,8,0
301,136041,9,0
301,136042,10,0
301,108034,11,0
301,108229,12,0
301,136031,13,0
301,108037,14,0
301,108039,15,0
301,136051,16,0
301,108256,17,0
301,108257,18,0
301,108258,19,0
301,108261,20,0
301,104033,21,1
500,104033,1,0
500,136066,2,0
500,106148,3,0
500,136002,4,0
500,136110,5,0
500,136111,6,0
500,106206,7,0
500,136112,8,0
500,136113,9,0
500,106210,10,0
500,106211,11,0
500,108254,12,0
500,136115,13,0
500,108316,14,0
500,106207,15,0
500,136116,16,0
500,106205,17,0
500,136118,18,0
500,136119,19,0
500,108323,20,0
500,108324,21,0
500,106223,22,0
500,106225,23,0
500,108318,24,0
500,108319,25,0
500,108320,26,0
500,108321,27,0
500,108322,28,0
500,104032,29,1
2000,108088,1,0
2000,108172,2,0
2000,108045,3,0
2000,136192,4,0
2000,136193,5,0
2000,136194,6,1
2019,104033,1,0
2019,136066,2,0
2019,106148,3,0
2019,136002,4,0
2019,136003,5,0
2019,108032,6,0
2019,136008,7,0
2019,136009,8,0
2019,136010,9,0
2019,136011,10,0
2019,106265,11,0
2019,136013,12,0
2019,136383,13,0
2019,136015,14,0
2019,136016,15,0
2019,136017,16,0
2019,136018,17,0
2019,136019,18,0
2019,109134,19,1
2029,109134,1,0
2029,108001,2,0
2029,136023,3,0
2029,136024,4,0
2029,136025,5,0
2029,106164,6,0
2029,136027,7,0
2029,136410,8,0
2029,136028,9,0
2029,106266,10,0
2029,136011,11,0
2029,136029,12,0
2029,136030,13,0
2029,136004,14,0
2029,136005,15,0
2029,136006,16,0
2029,136007,17,0
2029,136032,18,0
2029,136034,19,0
2029,104033,20,1
2100,108088,1,0
2100,136195,2,0
2100,136196,3,0
2100,136197,4,0
2100,108168,5,0
2100,136198,6,0
2100,136199,7,0
2100,136200,8,0
2100,136201,9,1
3100,106050,1,0
3100,106051,2,0
3100,106072,3,0
3100,106052,4,0
3100,106054,5,0
3100,106055,6,0
3100,106056,7,0
3100,106057,8,0
3100,106058,9,0
3100,106059,10,0
3100,106062,11,0
3100,106061,12,0
3100,106060,13,0
3100,106065,14,0
3100,106066,15,0
3100,106080,16,0
3100,106075,17,0
3100,106076,18,0
3100,106077,19,0
3100,106074,20,0
3100,106083,21,0
3100,106078,22,0
3100,106073,23,0
3100,106079,24,0
3100,106081,25,0
3100,106082,26,0
3100,106063,27,0
3100,106067,28,0
3100,106084,29,0
3100,106085,30,0
3100,108325,31,1
4019,104033,1,0
4019,136066,2,0
4019,106148,3,0
4019,136068,4,0
4019,136069,5,0
4019,136061,6,0
4019,108036,7,0
4019,136062,8,0
4019,136063,9,0
4019,108255,10,0
4019,136064,11,0
4019,136070,12,0
4019,136071,13,0
4019,106173,14,0
4019,136446,15,0
4019,106172,16,0
4019,106156,17,0
4019,106155,18,0
4019,136073,19,0
4019,136414,20,0
4019,106115,21,0
4019,136076,22,0
4019,136104,23,0
4019,136080,24,0
4019,108047,25,0
4019,106127,26,0
4019,106252,27,0
4019,136081,28,0
4019,136082,29,0
4019,136083,30,0
4019,136085,31,0
4019,136086,32,0
4019,106260,33,0
4019,136087,34,0
4019,136088,35,0
4019,136089,36,0
4019,136090,37,0
4019,108167,38,0
4019,106124,39,0
4019,106122,40,0
4019,108166,41,0
4019,108049,42,0
4019,108050,43,0
4019,136095,44,0
4019,136094,45,1
4029,136094,1,0
4029,136096,2,0
4029,106141,3,0
4029,106140,4,0
4029,106139,5,0
4029,106129,6,0
4029,136100,7,0
4029,106128,8,0
4029,136101,9,0
4029,106252,10,0
4029,136081,11,0
4029,136082,12,0
4029,136083,13,0
4029,136085,14,0
4029,106260,15,0
4029,108064,16,0
4029,106138,17,0
4029,106125,18,0
4029,106137,19,0
4029,106135,20,0
4029,106136,21,0
4029,106126,22,0
4029,106134,23,0
4029,106130,24,0
4029,106174,25,0
4029,136107,26,0
4029,106171,27,0
4029,106158,28,0
4029,106157,29,0
4029,136109,30,0
4029,136058,31,0
4029,136059,32,0
4029,136060,33,0
4029,136061,34,0
4029,108036,35,0
4029,136062,36,0
4029,136063,37,0
4029,108255,38,0
4029,136064,39,0
4029,136065,40,0
4029,104033,41,1
6019,104033,1,0
6019,136066,2,0
6019,106148,3,0
6019,136005,4,0
6019,136051,5,0
6019,136052,6,0
6019,108035,7,0
6019,136053,8,0
6019,136054,9,0
6019,136055,10,0
6019,136120,11,0
6019,136121,12,0
6019,136122,13,0
6019,136123,14,0
6019,136124,15,0
6019,136438,16,0
6019,106214,17,0
6019,106212,18,0
6019,106143,19,0
6019,136126,20,0
6019,106218,21,0
6019,106120,22,0
6019,136127,23,0
6019,136128,24,0
6019,136436,25,0
6019,136129,26,0
6019,136130,27,0
6019,106193,28,0
6019,136132,29,0
6019,106195,30,0
6019,106197,31,0
6019,106240,32,0
6019,106200,33,0
6019,106272,34,0
6019,106274,35,0
6019,108065,36,0
6019,106119,37,0
6019,106271,38,0
6019,106264,39,0
6019,106251,40,0
6019,136136,41,0
6019,106275,42,0
6019,106273,43,0
6019,106263,44,0
6019,136137,45,0
6019,136138,46,0
6019,108066,47,0
6019,136139,48,0
6019,136140,49,0
6019,136141,50,0
6019,136142,51,0
6019,106111,52,1
6029,106111,1,0
6029,108068,2,0
6029,136144,3,0
6029,136145,4,0
6029,136146,5,0
6029,136147,6,0
6029,106147,7,0
6029,136149,8,0
6029,136150,9,0
6029,136151,10,0
6029,136153,11,0
6029,136154,12,0
6029,108087,13,0
6029,106118,14,0
6029,106117,15,0
6029,106256,16,0
6029,106259,17,0
6029,106272,18,0
6029,106274,19,0
6029,106199,20,0
6029,106196,21,0
6029,106194,22,0
6029,136157,23,0
6029,106192,24,0
6029,136158,25,0
6029,106268,26,0
6029,136129,27,0
6029,136130,28,0
6029,136159,29,0
6029,136160,30,0
6029,106121,31,0
6029,106217,32,0
6029,136161,33,0
6029,106142,34,0
6029,106213,35,0
6029,106216,36,0
6029,136392,37,0
6029,136163,38,0
6029,136164,39,0
6029,136400,40,0
6029,136165,41,0
6029,136166,42,0
6029,106167,43,0
6029,106255,44,0
6029,106184,45,0
6029,106166,46,0
6029,136231,47,0
6029,136006,48,0
6029,136007,49,0
6029,136032,50,0
6029,136034,51,0
6029,104033,52,1
7019,136191,1,0
7019,108224,2,0
7019,136457,3,0
7019,136202,4,0
7019,136203,5,0
7019,136204,6,0
7019,136205,7,0
7019,136206,8,0
7019,136207,9,0
7019,136440,10,0
7019,136208,11,0
7019,136209,12,0
7019,136210,13,0
7019,136211,14,0
7019,136212,15,0
7019,136455,16,0
7019,136213,17,0
7019,136214,18,0
7019,136215,19,0
7019,136216,20,0
7019,136217,21,0
7019,106116,22,0
7019,136218,23,0
7019,106133,24,0
7019,136219,25,0
7019,136220,26,0
7019,136221,27,0
7019,106144,28,0
7019,136222,29,0
7019,136223,30,0
7019,136224,31,0
7019,136422,32,0
7019,136225,33,0
7019,136226,34,0
7019,136168,35,0
7019,136227,36,0
7019,106261,37,0
7019,136228,38,0
7019,136110,39,0
7019,104033,40,0
7019,136066,41,0
7019,106148,42,0
7019,136002,43,0
7019,106132,44,0
7019,136167,45,0
7019,106170,46,0
7019,108070,47,0
7019,136169,48,0
7019,136423,49,0
7019,108042,50,0
7019,136170,51,0
7019,108063,52,0
7019,108062,53,0
7019,106270,54,0
7019,108067,55,0
7019,108069,56,0
7019,136173,57,0
7019,136174,58,0
7019,106146,59,0
7019,136175,60,0
7019,136176,61,0
7019,136413,62,0
7019,136177,63,0
7019,136178,64,0
7019,136454,65,0
7019,136179,66,0
7019,136180,67,0
7019,106235,68,0
7019,136406,69,0
7019,136182,70,0
7019,136183,71,0
7019,136402,72,0
7019,136184,73,0
7019,136185,74,0
7019,136396,75,0
7019,136186,76,0
7019,136187,77,0
7019,136188,78,0
7019,136189,79,0
7019,136190,80,0
7019,136195,82,0
7019,136427,83,1
7029,104033,1,0
7029,136066,2,0
7029,106148,3,0
7029,106131,4,0
7029,108001,5,0
7029,136023,6,0
7029,108061,7,0
7029,106159,8,0
7029,136189,9,0
7029,136190,10,0
7029,136191,11,0
7029,108224,12,0
7029,136457,13,0
7029,136397,14,0
7029,106160,15,0
7029,136018,16,0
7029,136019,17,0
7029,109134,18,0
7029,136042,19,0
7029,108034,20,0
7029,108229,21,0
7029,136031,22,0
7029,136032,23,0
7029,136034,24,0
7029,136195,25,0
7029,136427,26,1
8019,136300,1,0
8019,108060,2,0
8019,136297,3,0
8019,104000,4,0
8019,136295,5,0
8019,136296,6,0
8019,136301,7,0
8019,108090,8,0
8019,108006,9,0
8019,136270,10,0
8019,104002,11,0
8019,108005,12,0
8019,136272,13,0
8019,136273,14,0
8019,108109,15,0
8019,108112,16,0
8019,136274,17,0
8019,104004,18,0
8019,136275,19,0
8019,136276,20,0
8019,136277,21,0
8019,136278,22,0
8019,108162,23,0
8019,136280,24,0
8019,104008,25,0
8019,104027,26,0
8019,108013,27,0
8019,104010,28,0
8019,108015,29,0
8019,136254,30,0
8019,108017,31,0
8019,136255,32,0
8019,104015,33,0
8019,104017,34,0
8019,136256,35,0
8019,104013,36,0
8019,136257,37,0
8019,108054,38,0
8019,108055,39,0
8019,106114,40,0
8019,136258,41,0
8019,136259,42,0
8019,108163,43,0
8019,136282,44,0
8019,108053,45,0
8019,108164,46,0
8019,136283,47,0
8019,136284,48,0
8019,108004,49,0
8019,104018,50,0
8019,136286,51,0
8019,136287,52,0
8019,108089,53,0
8019,104021,54,0
8019,106226,55,0
8019,106227,56,0
8019,106229,57,0
8019,106231,58,0
8019,106233,59,0
8019,106225,60,0
8019,108234,61,0
8019,136247,62,0
8019,104032,63,0
8019,104033,64,1
8029,104033,1,0
8029,136066,2,0
8029,106148,3,0
8029,136005,4,0
8029,136051,5,0
8029,104031,6,0
8029,136232,7,0
8029,136364,8,0
8029,136365,9,0
8029,136366,10,0
8029,136367,11,0
8029,136368,12,0
8029,136369,13,0
8029,136370,14,0
8029,136371,15,0
8029,136373,16,0
8029,136374,17,0
8029,136375,18,0
8029,108089,19,0
8029,106236,20,0
8029,106238,21,0
8029,106242,22,0
8029,106244,23,0
8029,106246,24,0
8029,106248,25,0
8029,106250,26,0
8029,108051,27,0
8029,106201,28,0
8029,106202,29,0
8029,108048,30,0
8029,108046,31,0
8029,108044,32,0
8029,108043,33,0
8029,108041,34,0
8029,108040,35,0
8029,108038,36,0
8029,136295,37,0
8029,136296,38,0
8029,136301,39,0
8029,136300,40,1
9019,104000,1,0
9019,136295,2,0
9019,136296,3,0
9019,136301,4,0
9019,108060,5,0
9019,136297,6,0
9019,108090,7,0
9019,136302,8,0
9019,136303,9,0
9019,136305,10,0
9019,108031,11,0
9019,108030,12,0
9019,108019,13,0
9019,106201,14,0
9019,106202,15,0
9019,108018,16,0
9019,106249,17,0
9019,106247,18,0
9019,106245,19,0
9019,106243,20,0
9019,108009,21,0
9019,106239,22,0
9019,108002,23,0
9019,108089,24,0
9019,136234,25,0
9019,136235,26,0
9019,108016,27,0
9019,136236,28,0
9019,136237,29,0
9019,136238,30,0
9019,136239,31,0
9019,136240,32,0
9019,136241,33,0
9019,108014,34,0
9019,136243,35,0
9019,136244,36,0
9019,106225,37,0
9019,108234,38,0
9019,136247,39,0
9019,104032,40,0
9019,104033,41,1
9029,104033,1,0
9029,136066,2,0
9029,106148,3,0
9029,136005,4,0
9029,136051,5,0
9029,104031,6,0
9029,136232,7,0
9029,106234,8,0
9029,106232,9,0
9029,106230,10,0
9029,106228,11,0
9029,104021,12,0
9029,108089,13,0
9029,136248,14,0
9029,136249,15,0
9029,104019,16,0
9029,108317,17,0
9029,108008,18,0
9029,136250,19,0
9029,104030,20,0
9029,136251,21,0
9029,136252,22,0
9029,104027,23,0
9029,108013,24,0
9029,104010,25,0
9029,108015,26,0
9029,136254,27,0
9029,108017,28,0
9029,136255,29,0
9029,104015,30,0
9029,104017,31,0
9029,136256,32,0
9029,104013,33,0
9029,136257,34,0
9029,108054,35,0
9029,108055,36,0
9029,106114,37,0
9029,136258,38,0
9029,136259,39,0
9029,104009,40,0
9029,136260,41,0
9029,136261,42,0
9029,136262,43,0
9029,136263,44,0
9029,136264,45,0
9029,108056,46,0
9029,104005,47,0
9029,136265,48,0
9029,108057,49,0
9029,108058,50,0
9029,136267,51,0
9029,136447,52,0
9029,104003,53,0
9029,136268,54,0
9029,108059,55,0
9029,136295,56,0
9029,136296,57,0
9029,136301,58,0
9029,108060,59,0
9029,136297,60,0
9029,104000,61,1
34019,106050,1,0
34019,106051,2,0
34019,106052,3,0
34019,106054,4,0
34019,106090,5,0
34019,106091,6,0
34019,106092,7,0
34019,106093,8,0
34019,106094,9,0
34019,106095,10,0
34019,106096,11,0
34019,106097,12,0
34019,106098,13,0
34019,106099,14,0
34019,106101,15,0
34019,106151,16,0
34019,108024,17,0
34019,108022,18,0
34019,108020,19,0
34019,106190,20,0
34019,106188,21,0
34019,108027,22,0
34019,106111,23,1
34029,106111,1,0
34029,108026,2,0
34029,106189,3,0
34029,106191,4,0
34029,108021,5,0
34029,108023,6,0
34029,108025,7,0
34029,106100,8,0
34029,106102,9,0
34029,106103,10,0
34029,106104,11,0
34029,106105,12,0
34029,106095,13,0
34029,106106,14,0
34029,106107,15,0
34029,106108,16,0
34029,106109,17,0
34029,106110,18,0
34029,108326,19,0
34029,106069,20,0
34029,108325,21,0
34029,106050,22,1
36019,106050,1,0
36019,106051,2,0
36019,106052,3,0
36019,106054,4,0
36019,106090,5,0
36019,106091,6,0
36019,106092,7,0
36019,106093,8,0
36019,106094,9,0
36019,106095,10,0
36019,106096,11,0
36019,106097,12,0
36019,106098,13,0
36019,106099,14,0
36019,106101,15,0
36019,106151,16,0
36019,109134,17,0
36019,136042,18,0
36019,108034,19,0
36019,108229,20,0
36019,136031,21,0
36019,136032,22,0
36019,136034,23,0
36019,104033,24,1
36029,104033,1,0
36029,136066,2,0
36029,106148,3,0
36029,106131,4,0
36029,108001,5,0
36029,106100,6,0
36029,106102,7,0
36029,106103,8,0
36029,106104,9,0
36029,106105,10,0
36029,106095,11,0
36029,106106,12,0
36029,106107,13,0
36029,106108,14,0
36029,106109,15,0
36029,106110,16,0
36029,108326,17,0
36029,106069,18,0
36029,108325,19,0
36029,106050,20,1
44019,100006,1,0
44019,100010,2,0
44019,100032,3,0
44019,100076,4,0
44019,100146,5,0
44019,100198,6,0
44019,100295,7,0
44019,100358,8,0
44019,100554,9,0
44019,100709,10,0
44019,100817,11,0
44019,101063,12,0
44019,101587,13,0
44019,104085,14,0
44019,104000,15,0
44019,108052,16,0
44019,104020,17,0
44019,104032,18,0
44019,136066,19,0
44019,106148,20,0
44019,104033,21,1
44029,104033,1,0
44029,136066,2,0
44029,106148,3,0
44029,136068,4,0
44029,104031,5,0
44029,136232,6,0
44029,104020,7,0
44029,136269,8,0
44029,104001,9,0
44029,101979,10,0
44029,104034,11,0
44029,101055,12,0
44029,102034,13,0
44029,100710,14,0
44029,100551,15,0
44029,100454,16,0
44029,100347,17,0
44029,100291,18,0
44029,100195,19,0
44029,100177,20,0
44029,100132,21,0
44029,100082,22,0
44029,100042,23,0
44029,100034,24,0
44029,100019,25,0
44029,100005,26,0
44029,100003,27,1
66019,100006,1,0
66019,100010,2,0
66019,100032,3,0
66019,100076,4,0
66019,100146,5,0
66019,100198,6,0
66019,100295,7,0
66019,100358,8,0
66019,100554,9,0
66019,100709,10,0
66019,100817,11,0
66019,101063,12,0
66019,101587,13,0
66019,104085,14,0
66019,104000,15,0
66019,108052,16,0
66019,104020,17,0
66019,104021,18,0
66019,104032,19,0
66019,104033,20,1
66029,104033,1,0
66029,104031,2,0
66029,136232,3,0
66029,104021,4,0
66029,104020,5,0
66029,136269,6,0
66029,104001,7,0
66029,101979,8,0
66029,104034,9,0
66029,101055,10,0
66029,102034,11,0
66029,100710,12,0
66029,100551,13,0
66029,100454,14,0
66029,100347,15,0
66029,100291,16,0
66029,100195,17,0
66029,100177,18,0
66029,100132,19,0
66029,100082,20,0
66029,100042,21,0
66029,100034,22,0
66029,100019,23,0
66029,100005,24,0
66029,100003,25,1
99019,100006,1,0
99019,100010,2,0
99019,100032,3,0
99019,100076,4,0
99019,100146,5,0
99019,100198,6,0
99019,100295,7,0
99019,100358,8,0
99019,100554,9,0
99019,100709,10,0
99019,100817,11,0
99019,101063,12,0
99019,101587,13,0
99019,104085,14,0
99019,104000,15,0
99019,108052,16,0
99019,104002,17,0
99019,104004,18,0
99019,104006,19,0
99019,104008,20,0
99019,104010,21,0
99019,104012,22,0
99019,104016,23,0
99019,104014,24,0
99019,108053,25,0
99019,104018,26,1
99029,104019,1,0
99029,104030,2,0
99029,104015,3,0
99029,104017,4,0
99029,104013,5,0
99029,106114,6,0
99029,104009,7,0
99029,104007,8,0
99029,104005,9,0
99029,104003,10,0
99029,136269,11,0
99029,104001,12,0
99029,101979,13,0
99029,104034,14,0
99029,101055,15,0
99029,102034,16,0
99029,100710,17,0
99029,100551,18,0
99029,100454,19,0
99029,100347,20,0
99029,100291,21,0
99029,100195,22,0
99029,100177,23,0
99029,100132,24,0
99029,100082,25,0
99029,100042,26,0
99029,100034,27,0
99029,100019,28,0
99029,100005,29,0
99029,100003,30,1
