'1190',3101,80500,,'',0,2500,4,'',0,9500,,'',0,2500,4,'',0,18000,,'',0,2500,4,'',0,19000,,'',0,6500,4,'',0,19000,,'',0,2500,4,'',0,9000,,'',0,2500,4,'',0
'1193',3101,63000,,'',0,2500,4,'',0,17000,,'',0,2500,4,'',0,19000,,'',0,6500,4,'',0,1000,,'',0,2500,4,'',0,31500,,'',0,6500,4,'',0,23500,,'',0,6500,4,'',0
'1503',3101,63000,,'',0,2500,4,'',0,17500,,'',0,2500,4,'',0,19400,,'',0,6600,4,'',0,400,,'',0,2600,4,'',0,31000,,'',0,6500,4,'',0,28000,,'',0,2500,4,'',0
'1721',3101,63000,,'',0,2500,4,'',0,17500,,'',0,2500,4,'',0,19400,,'',0,6600,4,'',0,400,,'',0,2600,4,'',0,31000,,'',0,6500,4,'',0,28000,,'',0,2500,4,'',0
'1726',3101,80500,,'',0,2200,4,'',0,9800,,'',0,2200,4,'',0,18300,,'',0,2400,4,'',0,19100,,'',0,6400,4,'',0,19200,,'',0,2400,4,'',0,9700,,'',0,2200,4,'',0
'792',3101,63000,,'',0,2500,4,'',0,17000,,'',0,2500,4,'',0,19000,,'',0,6500,4,'',0,1000,,'',0,2500,4,'',0,31500,,'',0,6500,4,'',0,23500,,'',0,6500,4,'',0
'1190',3401,83500,0,'Chemainus',0,8500,4,'',0,28500,0,'Chemainus',0,4500,4,'',0,500,0,'Chemainus',0,8500,4,'',0,28900,0,'Chemainus',0,8500,4,'',0
'1193',3401,90000,0,'Chemainus',0,4500,4,'',0,700,0,'Chemainus',0,8500,4,'',0,10700,0,'Chemainus',0,8500,4,'',0,29500,0,'Chemainus',0,8500,4,'',0
'1503',3400,94800,4,'',0,9400,4,'',0,19500,4,'',0,37500,4,'',0
'1503',3401,90000,0,'Chemainus',0,5400,0,'Chemainus',0,19500,0,'Chemainus',0,37500,0,'Chemainus',0
'1721',3400,94800,4,'',0,9400,4,'',0,19500,4,'',0,37500,4,'',0
'1721',3401,90000,0,'Chemainus',0,5400,0,'Chemainus',0,19500,0,'Chemainus',0,37500,0,'Chemainus',0
'1726',3400,92200,4,'',0,32700,4,'',0,9300,4,'',0,37700,4,'',0
'1726',3401,83300,0,'Chemainus',0,32500,0,'Chemainus',0,9400,0,'Chemainus',0,37600,0,'Chemainus',0
'792',3401,90000,0,'Chemainus',0,4500,4,'',0,700,0,'Chemainus',0,8500,4,'',0,10700,0,'Chemainus',0,8500,4,'',0,29500,0,'Chemainus',0,8500,4,'',0
'1190',3600,112400,4,'',0,43000,4,'',0
'1190',3601,95500,,'',0,46000,,'',0
'1193',3600,82400,4,'',0,62500,4,'',0,30500,4,'',0
'1193',3601,65700,,'',0,57800,,'',0,38700,,'',0,20300,,'',0
'1503',3600,82500,4,'',0,62500,4,'',0,30500,4,'',0
'1503',3601,65800,,'',0,58600,,'',0,37800,,'',0,20600,,'',0
'1721',3600,82500,4,'',0,62500,4,'',0,30500,4,'',0
'1721',3601,65800,,'',0,58600,,'',0,37800,,'',0,20600,,'',0
'1726',3600,112500,4,'',0,43100,4,'',0
'1726',3601,95500,,'',0,46000,,'',0
'792',3600,82400,4,'',0,62500,4,'',0,30500,4,'',0
'792',3601,65700,,'',0,57800,,'',0,38700,,'',0,20300,,'',0
