800,'4158',1107,,307,34,,,0,332,,305,34,,,0,118,,306,34,,,0
800,'4159',1147,,309,34,,,0,485,,308,34,,,0
800,'4853',703,,310,33,,,0,211,,315,34,,,0,229,,312,34,,,0,405,,316,34,,,0,208,,314,34,,,0,98,,313,34,,,0,259,,311,34,,,0
800,'4854',703,,318,33,,,0,211,,320,34,,,0,229,,319,34,,,0,405,,317,34,,,0,208,,324,34,,,0,98,,323,34,,,0,259,,321,34,,,0,210,,322,34,,,0
901,'4158',1237,,361,30,,,0,489,,360,30,,,0
901,'4159',1314,,362,30,,,0
901,'4853',713,,365,30,,,0,211,,368,30,,,0,220,,364,30,,,0,260,,363,30,,,0,350,,366,30,,,0,250,,367,30,,,0
901,'4854',713,,370,30,,,0,211,,369,30,,,0,220,,372,30,,,0,260,,371,30,,,0,350,,373,30,,,0,250,,375,30,,,0,212,,374,30,,,0
9901,'4853',619,,506,3,,,0,82,,507,3,,,0
9901,'4854',619,,509,3,,,0,82,,508,3,,,0
