200,'4158',829,,1,4,,,0,180,,5,4,,,0,100,,2,4,,,0,100,,3,4,,,0,120,,6,4,,,0,180,,4,4,,,0,100,,7,4,,,0,100,,8,4,,,0
200,'4159',904,,9,4,,,0,205,,10,4,,,0,125,,11,4,,,0,95,,12,4,,,0,180,,15,4,,,0,100,,13,4,,,0,100,,14,4,,,0
200,'4853',734,,16,4,,,0,95,,17,4,,,0,83,,18,4,,,0,122,,19,4,,,0,100,,20,4,,,0,105,,21,4,,,0,100,,22,4,,,0,70,,23,4,,,0,95,,24,4,,,0,105,,25,4,,,0,35,,26,4,,,0,70,,29,4,,,0,25,,27,4,,,0,95,,28,4,,,0
200,'4854',734,,32,4,,,0,95,,33,4,,,0,83,,30,4,,,0,122,,31,4,,,0,100,,38,4,,,0,105,,34,4,,,0,100,,37,4,,,0,70,,35,4,,,0,95,,44,4,,,0,105,,41,4,,,0,35,,42,4,,,0,70,,46,4,,,0,25,,45,4,,,0,95,,43,4,,,0,75,,36,4,,,0,95,,39,4,,,0,100,,40,4,,,0
501,'4853',854,,190,4,,,0,180,,188,4,,,0,178,,189,4,,,0,247,,185,4,,,0,150,,187,4,,,0,200,,186,4,,,0
501,'4854',854,,192,4,,,0,180,,194,4,,,0,178,,191,4,,,0,247,,193,4,,,0,150,,196,4,,,0,200,,195,4,,,0
701,'4158',924,,273,4,0,5 6,0,185,,272,4,0,5 6,0,315,,274,4,0,5 6,0,188,,275,4,0,5 6,0,192,,276,4,0,5 6,0
701,'4159',1003,,277,4,0,5 6,0,420,,278,4,0,5 6,0,378,,279,4,0,5 6,0
701,'4853',737,,291,4,0,5 6,0,222,,281,4,0,5 6,0,277,,290,4,0,5 6,0,298,,285,4,0,5 6,0,171,,283,4,0,5 6,0,229,,288,4,0,5 6,0
701,'4854',737,,293,4,0,5 6,0,222,,302,4,0,5 6,0,277,,303,4,0,5 6,0,298,,299,4,0,5 6,0,171,,298,4,0,5 6,0,229,,304,4,0,5 6,0,270,,300,4,0,5 6,0
