800,'4158',1109,,307,37,,,0,332,,305,37,,,0,118,,306,37,,,0
800,'5053',705,,310,36,,,0,211,,315,37,,,0,229,,312,37,,,0,405,,316,37,,,0,208,,314,37,,,0,98,,313,37,,,0,259,,311,37,,,0
800,'5055',705,,318,36,,,0,211,,320,37,,,0,229,,319,37,,,0,405,,317,37,,,0,208,,324,37,,,0,98,,323,37,,,0,259,,321,37,,,0,210,,322,37,,,0
800,'5057',1149,,309,37,,,0,485,,308,37,,,0
901,'4158',1239,,361,33,,,0,489,,360,33,,,0
901,'5053',716,,365,33,,,0,211,,368,33,,,0,220,,364,33,,,0,260,,363,33,,,0,350,,366,33,,,0,250,,367,33,,,0
901,'5055',716,,370,33,,,0,211,,369,33,,,0,220,,372,33,,,0,260,,371,33,,,0,350,,373,33,,,0,250,,375,33,,,0,212,,374,33,,,0
901,'5057',1317,,362,33,,,0
9901,'5053',621,,542,5,,,0,82,,543,5,,,0
9901,'5055',621,,545,5,,,0,82,,544,5,,,0
