201,'4158',907,,47,18,,,0,141,,51,18,,,0,100,,48,18,,,0,100,,50,18,,,0,160,,52,18,,,0,139,,49,18,,,0,100,,53,18,,,0,100,,54,18,,,0
201,'5053',745,,62,18,,,0,68,,63,18,,,0,98,,64,18,,,0,42,,65,18,,,0,163,,66,18,,,0,99,,72,18,,,0,105,,67,18,,,0,99,,68,18,,,0,30,,69,18,,,0,95,,74,18,,,0,76,,70,18,,,0,103,,71,18,,,0,30,,73,18,,,0,160,,75,18,,,0
201,'5055',745,,79,18,,,0,68,,78,18,,,0,98,,80,18,,,0,42,,76,18,,,0,163,,77,18,,,0,99,,85,18,,,0,105,,82,18,,,0,99,,83,18,,,0,30,,81,18,,,0,95,,90,18,,,0,76,,88,18,,,0,103,,87,18,,,0,30,,86,18,,,0,160,,91,18,,,0,35,,84,18,,,0,204,,89,18,,,0
201,'5057',943,,55,18,,,0,205,,56,18,,,0,165,,60,18,,,0,95,,58,18,,,0,140,,61,18,,,0,100,,59,18,,,0,100,,57,18,,,0
601,'4158',949,,217,47,,,0,498,,218,44,,,0,297,,219,47,,,0
601,'5053',720,,222,47,,,0,190,,228,47,,,0,198,,223,47,,,0,196,,227,44,,,0,147,,224,47,,,0,195,,225,44,,,0,201,,226,47,,,0
601,'5055',720,,229,47,,,0,190,,230,47,,,0,198,,232,47,,,0,196,,231,44,,,0,147,,235,47,,,0,195,,233,44,,,0,201,,234,47,,,0,508,,236,44,,,0
601,'5057',1348,,220,47,,,0,398,,221,44,,,0
700,'5053',718,,257,14,0,5 6,0,182,,256,14,0,5 6,0,218,,252,14,0,5 6,0,235,,255,14,0,5 6,0,298,,254,14,0,5 6,0,179,,248,14,0,5 6,0,115,,249,14,0,5 6,0
700,'5055',718,,261,14,0,5 6,0,182,,259,14,0,5 6,0,218,,268,14,0,5 6,0,235,,270,14,0,5 6,0,298,,264,14,0,5 6,0,179,,262,14,0,5 6,0,115,,266,14,0,5 6,0
3601,'4158',1029,,465,23,,,0,419,,464,23,,,0
3601,'5053',735,,466,23,,,0,587,,467,23,,,0,334,,468,23,,,0,261,,469,23,,,0
3601,'5055',735,,472,23,,,0,587,,471,23,,,0,334,,470,23,,,0,261,,473,23,,,0
