501,'4853',918,,190,29,,,0,139,,188,29,,,0,181,,189,29,,,0,285,,185,29,,,0,110,,187,29,,,0,198,,186,29,,,0
501,'4854',918,,192,29,,,0,139,,194,29,,,0,181,,191,29,,,0,285,,193,29,,,0,110,,196,29,,,0,198,,195,29,,,0
800,'4158',1144,,307,64,,,0,372,,305,64,,,0,118,,306,64,,,0
800,'4159',1224,,309,64,,,0,485,,308,64,,,0
800,'4853',739,,310,63,,,0,211,,315,64,,,0,272,,312,64,,,0,405,,316,64,,,0,204,,314,64,,,0,98,,313,64,,,0,219,,311,64,,,0
800,'4854',739,,318,63,,,0,211,,320,64,,,0,272,,319,64,,,0,405,,317,64,,,0,204,,324,64,,,0,98,,323,64,,,0,219,,321,64,,,0,210,,322,64,,,0
900,'4158',919,,343,39,,,0,436,,345,39,,,0,488,,344,39,,,0
900,'4159',1431,,346,39,,,0
900,'4853',830,,348,39,,,0,209,,347,39,,,0,220,,349,39,,,0,260,,352,39,,,0,390,,350,39,,,0,210,,351,39,,,0
900,'4854',830,,353,39,,,0,209,,354,39,,,0,220,,355,39,,,0,260,,356,39,,,0,390,,359,39,,,0,210,,357,39,,,0,212,,358,39,,,0
6600,'4158',1212,,476,20,4,,0,307,,475,20,4,,0,320,,474,20,4,,0
6600,'4159',1212,,479,20,4,,0,307,,478,20,4,,0,320,,477,20,4,,0
6600,'4853',1516,,480,20,4,,0,200,,482,20,4,,0,25,,481,20,4,,0,101,,483,20,4,,0
6600,'4854',1516,,484,20,4,,0,200,,486,20,4,,0,25,,485,20,4,,0,101,,487,20,4,,0
