200,'4158',843,,1,19,4,,0,182,,5,19,4,,0,100,,2,19,4,,0,100,,3,19,4,,0,120,,6,19,4,,0,180,,4,19,4,,0,100,,7,19,4,,0,100,,8,19,4,,0
200,'4159',920,,9,19,4,,0,205,,10,19,4,,0,125,,11,19,4,,0,95,,12,19,4,,0,180,,15,19,4,,0,100,,13,19,4,,0,100,,14,19,4,,0
200,'4853',750,,16,19,4,,0,95,,17,19,4,,0,84,,18,19,4,,0,122,,19,19,4,,0,100,,20,19,4,,0,105,,21,19,4,,0,100,,22,19,4,,0,70,,23,19,4,,0,95,,24,19,4,,0,105,,25,19,4,,0,75,,26,19,4,,0,30,,29,19,4,,0,25,,27,19,4,,0,94,,28,19,4,,0
200,'4854',750,,32,19,4,,0,95,,33,19,4,,0,84,,30,19,4,,0,122,,31,19,4,,0,100,,38,19,4,,0,105,,34,19,4,,0,100,,37,19,4,,0,70,,35,19,4,,0,95,,44,19,4,,0,105,,41,19,4,,0,75,,42,19,4,,0,30,,46,19,4,,0,25,,45,19,4,,0,94,,43,19,4,,0,75,,36,19,4,,0,94,,39,19,4,,0,100,,40,19,4,,0
201,'4158',850,,47,1,,,0,180,,51,1,,,0,100,,48,1,,,0,100,,50,1,,,0,120,,52,1,,,0,180,,49,1,,,0,100,,53,1,,,0,100,,54,1,,,0
201,'4159',925,,55,1,,,0,205,,56,1,,,0,125,,60,1,,,0,95,,58,1,,,0,180,,61,1,,,0,100,,59,1,,,0,100,,57,1,,,0
201,'4853',727,,62,1,,,0,28,,63,1,,,0,95,,64,1,,,0,82,,65,1,,,0,123,,66,1,,,0,100,,72,1,,,0,145,,67,1,,,0,100,,68,1,,,0,30,,69,1,,,0,95,,74,1,,,0,76,,70,1,,,0,104,,71,1,,,0,30,,73,1,,,0,120,,75,1,,,0
201,'4854',727,,79,1,,,0,28,,78,1,,,0,95,,80,1,,,0,82,,76,1,,,0,123,,77,1,,,0,100,,85,1,,,0,145,,82,1,,,0,100,,83,1,,,0,30,,81,1,,,0,95,,90,1,,,0,76,,88,1,,,0,104,,87,1,,,0,30,,86,1,,,0,120,,91,1,,,0,75,,84,1,,,0,204,,89,1,,,0
300,'4158',1028,,92,1,,,0,206,,93,1,,,0,200,,94,1,,,0,199,,95,1,,,0
300,'4159',1028,,96,1,,,0,205,,97,1,,,0,200,,99,1,,,0,198,,98,1,,,0
300,'4853',655,,105,1,,,0,168,,101,1,,,0,200,,102,1,,,0,177,,100,1,,,0,132,,104,1,,,0,173,,103,1,,,0,125,,106,1,,,0,170,,107,1,,,0
300,'4854',655,,112,1,,,0,168,,110,1,,,0,200,,108,1,,,0,177,,111,1,,,0,132,,109,1,,,0,173,,113,1,,,0,125,,116,1,,,0,170,,117,1,,,0,225,,115,1,,,0,100,,114,1,,,0
301,'4158',1025,,118,21,4,,0,206,,120,21,4,,0,200,,119,21,4,,0,199,,121,21,4,,0
301,'4159',1025,,122,21,4,,0,205,,123,21,4,,0,200,,124,21,4,,0,198,,125,21,4,,0
301,'4853',820,,126,21,4,,0,200,,127,21,4,,0,309,,130,21,4,,0,173,,128,21,4,,0,56,,129,21,4,,0,94,,131,21,4,,0
301,'4854',820,,134,21,4,,0,200,,132,21,4,,0,309,,133,21,4,,0,173,,135,21,4,,0,56,,136,21,4,,0,94,,138,21,4,,0,479,,137,21,4,,0
701,'4853',604,,280,5,0,5 6,0,301,,284,5,0,5 6,0,240,,286,5,0,5 6,0,190,,287,5,0,5 6,0,205,,282,5,0,5 6,0,307,,289,5,0,5 6,0
701,'4854',604,,292,5,0,5 6,0,301,,297,5,0,5 6,0,240,,294,5,0,5 6,0,190,,295,5,0,5 6,0,205,,301,5,0,5 6,0,307,,296,5,0,5 6,0
3600,'4158',1054,,456,5,,,0,470,,457,5,,,0
3600,'4853',755,,459,5,,,0,665,,458,5,,,0,320,,460,5,,,0
3600,'4854',755,,463,5,,,0,665,,461,5,,,0,320,,462,5,,,0
