200,'5053',733,,16,3,,,0,95,,17,3,,,0,83,,18,3,,,0,122,,19,3,,,0,100,,20,3,,,0,105,,21,3,,,0,100,,22,3,,,0,70,,23,3,,,0,95,,24,3,,,0,105,,25,3,,,0,35,,26,3,,,0,70,,29,3,,,0,25,,27,3,,,0,95,,28,3,,,0
200,'5055',733,,32,3,,,0,95,,33,3,,,0,83,,30,3,,,0,122,,31,3,,,0,100,,38,3,,,0,105,,34,3,,,0,100,,37,3,,,0,70,,35,3,,,0,95,,44,3,,,0,105,,41,3,,,0,35,,42,3,,,0,70,,46,3,,,0,25,,45,3,,,0,95,,43,3,,,0,75,,36,3,,,0,95,,39,3,,,0,100,,40,3,,,0
200,'5056',828,,1,3,,,0,180,,5,3,,,0,100,,2,3,,,0,100,,3,3,,,0,120,,6,3,,,0,180,,4,3,,,0,100,,7,3,,,0,100,,8,3,,,0
200,'5057',903,,9,3,,,0,205,,10,3,,,0,125,,11,3,,,0,95,,12,3,,,0,180,,15,3,,,0,100,,13,3,,,0,100,,14,3,,,0
301,'5053',802,,126,3,,,0,199,,127,3,,,0,309,,130,3,,,0,133,,128,3,,,0,96,,129,3,,,0,94,,131,3,,,0
301,'5055',802,,134,3,,,0,199,,132,3,,,0,309,,133,3,,,0,133,,135,3,,,0,96,,136,3,,,0,94,,138,3,,,0,480,,137,3,,,0
301,'5056',1007,,118,3,,,0,205,,120,3,,,0,200,,119,3,,,0,200,,121,3,,,0
301,'5057',1007,,122,3,,,0,205,,123,3,,,0,200,,124,3,,,0,198,,125,3,,,0
400,'5053',747,,152,3,,,0,181,,147,3,,,0,175,,151,3,,,0,145,,149,3,,,0,185,,146,3,,,0,75,,150,3,,,0,192,,145,3,,,0,147,,148,3,,,0
400,'5055',747,,156,3,,,0,181,,155,3,,,0,175,,154,3,,,0,145,,153,3,,,0,185,,160,3,,,0,75,,159,3,,,0,192,,158,3,,,0,147,,161,3,,,0,110,,157,3,,,0
400,'5056',1107,,139,3,,,0,200,,140,3,,,0,195,,141,3,,,0,204,,142,3,,,0
400,'5057',1107,,143,3,,,0,400,,144,3,,,0
501,'5053',853,,190,3,,,0,180,,188,3,,,0,178,,189,3,,,0,247,,185,3,,,0,150,,187,3,,,0,200,,186,3,,,0
501,'5055',853,,192,3,,,0,180,,194,3,,,0,178,,191,3,,,0,247,,193,3,,,0,150,,196,3,,,0,200,,195,3,,,0
600,'5053',602,,206,3,,,0,131,,208,3,,,0,195,,203,3,,,0,195,,207,3,,,0,190,,204,3,,,0,190,,205,3,,,0,205,,202,3,,,0
600,'5055',602,,209,3,,,0,131,,210,3,,,0,195,,211,3,,,0,195,,212,3,,,0,190,,215,3,,,0,190,,214,3,,,0,205,,213,3,,,0,504,,216,3,,,0
600,'5056',810,,197,3,,,0,498,,199,3,,,0,296,,198,3,,,0
600,'5057',1207,,200,3,,,0,399,,201,3,,,0
701,'5053',557,,280,3,0,5 6,0,179,,291,3,0,5 6,0,122,,284,3,0,5 6,0,100,,281,3,0,5 6,0,180,,286,3,0,5 6,0,97,,290,3,0,5 6,0,93,,287,3,0,5 6,0,205,,282,3,0,5 6,0,171,,283,3,0,5 6,0,136,,289,3,0,5 6,0,93,,288,3,0,5 6,0
701,'5055',557,,292,3,0,5 6,0,179,,293,3,0,5 6,0,122,,297,3,0,5 6,0,100,,302,3,0,5 6,0,180,,294,3,0,5 6,0,97,,303,3,0,5 6,0,93,,295,3,0,5 6,0,205,,301,3,0,5 6,0,171,,298,3,0,5 6,0,136,,296,3,0,5 6,0,93,,304,3,0,5 6,0,270,,300,3,0,5 6,0
701,'5056',923,,273,3,0,5 6,0,185,,272,3,0,5 6,0,315,,274,3,0,5 6,0,188,,275,3,0,5 6,0,192,,276,3,0,5 6,0
701,'5057',1002,,277,3,0,5 6,0,420,,278,3,0,5 6,0,378,,279,3,0,5 6,0
801,'5053',752,,330,3,,,0,255,,331,3,,,0,405,,332,3,,,0,210,,333,3,,,0,111,,334,3,,,0,219,,335,3,,,0
801,'5055',752,,338,3,,,0,255,,337,3,,,0,405,,336,3,,,0,210,,339,3,,,0,111,,341,3,,,0,219,,340,3,,,0,250,,342,3,,,0
801,'5056',932,,327,3,,,0,371,,325,3,,,0,118,,326,3,,,0
801,'5057',1001,,329,3,,,0,448,,328,3,,,0
901,'5053',638,,365,3,,,0,210,,368,3,,,0,260,,364,3,,,0,218,,363,3,,,0,390,,366,3,,,0,212,,367,3,,,0
901,'5055',638,,370,3,,,0,210,,369,3,,,0,260,,372,3,,,0,218,,371,3,,,0,390,,373,3,,,0,212,,375,3,,,0,212,,374,3,,,0
901,'5056',1159,,361,3,,,0,489,,360,3,,,0
901,'5057',1236,,362,3,,,0
3600,'5053',747,,459,3,,,0,665,,458,3,,,0,320,,460,3,,,0
3600,'5055',747,,463,3,,,0,665,,461,3,,,0,320,,462,3,,,0
3600,'5056',1047,,456,3,,,0,470,,457,3,,,0
6600,'5056',1214,,520,22,4,,0,307,,519,22,4,,0,320,,518,22,4,,0
6600,'5057',1214,,523,22,4,,0,307,,522,22,4,,0,320,,521,22,4,,0
6601,'5056',920,,532,3,,,0,306,,533,3,,,0,320,,534,3,,,0
6601,'5057',920,,537,3,,,0,306,,535,3,,,0,320,,536,3,,,0
