800,'5053',633,,310,1,,,0,11,,310,8,,,0,192,,315,1,,,0,19,,315,9,,,0,249,,312,1,,,0,20,,312,9,,,0,385,,316,1,,,0,20,,316,9,,,0,190,,314,1,,,0,19,,314,9,,,0,79,,313,1,,,0,19,,313,9,,,0,200,,311,1,,,0,19,,311,9,,,0
800,'5055',633,,318,1,,,0,11,,318,8,,,0,192,,320,1,,,0,19,,320,9,,,0,249,,319,1,,,0,20,,319,9,,,0,385,,317,1,,,0,20,,317,9,,,0,190,,324,1,,,0,19,,324,9,,,0,79,,323,1,,,0,19,,323,9,,,0,200,,321,1,,,0,19,,321,9,,,0,191,,322,1,,,0,59,,322,9,,,0
800,'5056',1029,,307,1,,,0,18,,307,9,,,0,354,,305,1,,,0,18,,305,9,,,0,100,,306,1,,,0,18,,306,9,,,0
800,'5057',1110,,309,1,,,0,18,,309,9,,,0,427,,308,1,,,0,58,,308,9,,,0
801,'5053',830,,330,35,4,,0,218,,331,35,4,,0,405,,332,35,4,,0,250,,333,35,4,,0,108,,334,35,4,,0,219,,335,35,4,,0
801,'5055',830,,338,35,4,,0,218,,337,35,4,,0,405,,336,35,4,,0,250,,339,35,4,,0,108,,341,35,4,,0,219,,340,35,4,,0,210,,342,35,4,,0
801,'5056',1014,,327,35,4,,0,332,,325,35,4,,0,158,,326,35,4,,0
801,'5057',1043,,329,35,4,,0,488,,328,35,4,,0
900,'5053',738,,348,1,,,0,16,,348,8,,,0,195,,347,1,,,0,56,,347,8,,,0,204,,349,1,,,0,16,,349,8,,,0,204,,352,1,,,0,16,,352,8,,,0,374,,350,1,,,0,16,,350,8,,,0,194,,351,1,,,0,16,,351,8,,,0
900,'5055',738,,353,1,,,0,16,,353,8,,,0,195,,354,1,,,0,56,,354,8,,,0,204,,355,1,,,0,16,,355,8,,,0,204,,356,1,,,0,16,,356,8,,,0,374,,359,1,,,0,16,,359,8,,,0,194,,357,1,,,0,16,,357,8,,,0,196,,358,1,,,0,16,,358,8,,,0
900,'5056',830,,343,1,,,0,11,,343,8,,,0,465,,345,1,,,0,11,,345,8,,,0,437,,344,1,,,0,51,,344,8,,,0
900,'5057',1337,,346,1,,,0,18,,346,8,,,0
901,'5053',729,,365,56,4,,0,211,,368,56,4,,0,260,,364,56,4,,0,220,,363,56,4,,0,390,,366,56,4,,0,210,,367,56,4,,0
901,'5055',729,,370,56,4,,0,211,,369,56,4,,0,260,,372,56,4,,0,220,,371,56,4,,0,390,,373,56,4,,0,210,,375,56,4,,0,212,,374,56,4,,0
901,'5056',1253,,361,56,4,,0,489,,360,56,4,,0
901,'5057',1330,,362,56,4,,0
