800,'5053',707,,310,40,,,0,211,,315,41,,,0,229,,312,41,,,0,405,,316,41,,,0,248,,314,41,,,0,58,,313,41,,,0,259,,311,41,,,0
800,'5055',707,,318,40,,,0,211,,320,41,,,0,229,,319,41,,,0,405,,317,41,,,0,248,,324,41,,,0,58,,323,41,,,0,259,,321,41,,,0,210,,322,41,,,0
800,'5056',1111,,307,41,,,0,332,,305,41,,,0,158,,306,41,,,0
800,'5057',1151,,309,41,,,0,485,,308,41,,,0
901,'5053',718,,365,37,,,0,211,,368,37,,,0,220,,364,37,,,0,260,,363,37,,,0,350,,366,37,,,0,250,,367,37,,,0
901,'5055',718,,370,37,,,0,211,,369,37,,,0,220,,372,37,,,0,260,,371,37,,,0,350,,373,37,,,0,250,,375,37,,,0,212,,374,37,,,0
901,'5056',1241,,361,37,,,0,489,,360,37,,,0
901,'5057',1319,,362,37,,,0
9901,'5053',623,,542,6,,,0,82,,543,6,,,0
9901,'5055',623,,545,6,,,0,82,,544,6,,,0
