600,'4158',857,,197,44,4,,0,494,,199,47,4,,0,299,,198,44,4,,0
600,'4159',1253,,200,44,4,,0,396,,201,47,4,,0
600,'4853',629,,206,15,4,,0,189,,208,44,4,,0,195,,203,44,4,,0,192,,207,47,4,,0,154,,204,44,4,,0,188,,205,47,4,,0,208,,202,44,4,,0
600,'4854',629,,209,15,4,,0,189,,210,44,4,,0,195,,211,44,4,,0,192,,212,47,4,,0,154,,215,44,4,,0,188,,214,47,4,,0,208,,213,44,4,,0,499,,216,47,4,,0
601,'4158',903,,217,1,,,0,454,,218,1,,,0,300,,219,1,,,0
601,'4159',1302,,220,1,,,0,353,,221,1,,,0
601,'4853',634,,222,1,,,0,190,,228,1,,,0,198,,223,1,,,0,189,,227,1,,,0,194,,224,1,,,0,148,,225,1,,,0,248,,226,1,,,0
601,'4854',634,,229,1,,,0,190,,230,1,,,0,198,,232,1,,,0,189,,231,1,,,0,194,,235,1,,,0,148,,233,1,,,0,248,,234,1,,,0,501,,236,1,,,0
3400,'4158',900,,433,1,,,0,325,,434,1,,,0,94,,435,1,,,0,337,,432,1,,,0
3400,'4853',922,,436,1,,,0,99,,437,1,,,0,125,,438,1,,,0,405,,439,1,,,0
3400,'4854',922,,441,1,,,0,99,,440,1,,,0,125,,442,1,,,0,405,,443,1,,,0
3401,'4158',857,,445,23,4,,0,365,,444,23,4,,0,94,,446,23,4,,0,337,,447,23,4,,0
3401,'4853',922,,451,23,4,,0,96,,448,23,4,,0,125,,449,23,4,,0,405,,450,23,4,,0
3401,'4854',922,,453,23,4,,0,96,,454,23,4,,0,125,,452,23,4,,0,405,,455,23,4,,0
