801,'4158',936,,327,6,,,0,371,,325,6,,,0,118,,326,6,,,0
801,'5053',756,,330,6,,,0,255,,331,6,,,0,405,,332,6,,,0,210,,333,6,,,0,111,,334,6,,,0,219,,335,6,,,0
801,'5055',756,,338,6,,,0,255,,337,6,,,0,405,,336,6,,,0,210,,339,6,,,0,111,,341,6,,,0,219,,340,6,,,0,250,,342,6,,,0
801,'5057',1005,,329,6,,,0,448,,328,6,,,0
901,'4158',1203,,361,6,,,0,449,,360,6,,,0
901,'5053',642,,365,6,,,0,210,,368,6,,,0,260,,364,6,,,0,218,,363,6,,,0,390,,366,6,,,0,212,,367,6,,,0
901,'5055',642,,370,6,,,0,210,,369,6,,,0,260,,372,6,,,0,218,,371,6,,,0,390,,373,6,,,0,212,,375,6,,,0,212,,374,6,,,0
901,'5057',1240,,362,6,,,0
6601,'4158',922,,532,4,,,0,306,,533,4,,,0,320,,534,4,,,0
6601,'5053',535,,525,2,,,0,81,,526,2,,,0,15,,527,2,,,0,293,,524,2,,,0
6601,'5055',535,,528,2,,,0,81,,531,2,,,0,15,,530,2,,,0,293,,529,2,,,0
6601,'5057',922,,537,4,,,0,306,,535,4,,,0,320,,536,4,,,0
