200,'4158',826,,1,2,,,0,180,,5,2,,,0,100,,2,2,,,0,100,,3,2,,,0,120,,6,2,,,0,180,,4,2,,,0,100,,7,2,,,0,100,,8,2,,,0
200,'4159',901,,9,2,,,0,205,,10,2,,,0,125,,11,2,,,0,95,,12,2,,,0,180,,15,2,,,0,100,,13,2,,,0,100,,14,2,,,0
200,'4853',731,,16,2,,,0,95,,17,2,,,0,83,,18,2,,,0,122,,19,2,,,0,100,,20,2,,,0,105,,21,2,,,0,100,,22,2,,,0,70,,23,2,,,0,95,,24,2,,,0,105,,25,2,,,0,35,,26,2,,,0,70,,29,2,,,0,25,,27,2,,,0,95,,28,2,,,0
200,'4854',731,,32,2,,,0,95,,33,2,,,0,83,,30,2,,,0,122,,31,2,,,0,100,,38,2,,,0,105,,34,2,,,0,100,,37,2,,,0,70,,35,2,,,0,95,,44,2,,,0,105,,41,2,,,0,35,,42,2,,,0,70,,46,2,,,0,25,,45,2,,,0,95,,43,2,,,0,75,,36,2,,,0,95,,39,2,,,0,100,,40,2,,,0
301,'4158',1006,,118,2,,,0,205,,120,2,,,0,200,,119,2,,,0,200,,121,2,,,0
301,'4159',1006,,122,2,,,0,205,,123,2,,,0,200,,124,2,,,0,198,,125,2,,,0
301,'4853',801,,126,2,,,0,158,,127,2,,,0,349,,130,2,,,0,133,,128,2,,,0,96,,129,2,,,0,94,,131,2,,,0
301,'4854',801,,134,2,,,0,158,,132,2,,,0,349,,133,2,,,0,133,,135,2,,,0,96,,136,2,,,0,94,,138,2,,,0,481,,137,2,,,0
400,'4158',1106,,139,2,,,0,200,,140,2,,,0,195,,141,2,,,0,204,,142,2,,,0
400,'4159',1106,,143,2,,,0,400,,144,2,,,0
400,'4853',746,,152,2,,,0,180,,147,2,,,0,175,,151,2,,,0,145,,149,2,,,0,185,,146,2,,,0,75,,150,2,,,0,152,,145,2,,,0,188,,148,2,,,0
400,'4854',746,,156,2,,,0,180,,155,2,,,0,175,,154,2,,,0,145,,153,2,,,0,185,,160,2,,,0,75,,159,2,,,0,152,,158,2,,,0,188,,161,2,,,0,110,,157,2,,,0
501,'4853',851,,190,2,,,0,180,,188,2,,,0,178,,189,2,,,0,247,,185,2,,,0,150,,187,2,,,0,200,,186,2,,,0
501,'4854',851,,192,2,,,0,180,,194,2,,,0,178,,191,2,,,0,247,,193,2,,,0,150,,196,2,,,0,200,,195,2,,,0
600,'4158',809,,197,2,,,0,497,,199,2,,,0,296,,198,2,,,0
600,'4159',1206,,200,2,,,0,398,,201,2,,,0
600,'4853',601,,206,2,,,0,130,,208,2,,,0,195,,203,2,,,0,195,,207,2,,,0,190,,204,2,,,0,190,,205,2,,,0,205,,202,2,,,0
600,'4854',601,,209,2,,,0,130,,210,2,,,0,195,,211,2,,,0,195,,212,2,,,0,190,,215,2,,,0,190,,214,2,,,0,205,,213,2,,,0,505,,216,2,,,0
701,'4158',921,,273,2,0,5 6,0,185,,272,2,0,5 6,0,315,,274,2,0,5 6,0,188,,275,2,0,5 6,0,192,,276,2,0,5 6,0
701,'4159',1001,,277,2,0,5 6,0,420,,278,2,0,5 6,0,338,,279,2,0,5 6,0
701,'4853',556,,280,2,0,5 6,0,178,,291,2,0,5 6,0,122,,284,2,0,5 6,0,100,,281,2,0,5 6,0,180,,286,2,0,5 6,0,97,,290,2,0,5 6,0,93,,287,2,0,5 6,0,205,,282,2,0,5 6,0,171,,283,2,0,5 6,0,136,,289,2,0,5 6,0,93,,288,2,0,5 6,0
701,'4854',556,,292,2,0,5 6,0,178,,293,2,0,5 6,0,122,,297,2,0,5 6,0,100,,302,2,0,5 6,0,180,,294,2,0,5 6,0,97,,303,2,0,5 6,0,93,,295,2,0,5 6,0,205,,301,2,0,5 6,0,171,,298,2,0,5 6,0,136,,296,2,0,5 6,0,93,,304,2,0,5 6,0,270,,300,2,0,5 6,0
801,'4158',931,,327,2,,,0,370,,325,2,,,0,118,,326,2,,,0
801,'4159',1000,,329,2,,,0,448,,328,2,,,0
801,'4853',750,,330,2,,,0,255,,331,2,,,0,405,,332,2,,,0,210,,333,2,,,0,111,,334,2,,,0,219,,335,2,,,0
801,'4854',750,,338,2,,,0,255,,337,2,,,0,405,,336,2,,,0,210,,339,2,,,0,111,,341,2,,,0,219,,340,2,,,0,250,,342,2,,,0
901,'4158',1157,,361,2,,,0,489,,360,2,,,0
901,'4159',1235,,362,2,,,0
901,'4853',636,,365,2,,,0,210,,368,2,,,0,260,,364,2,,,0,218,,363,2,,,0,390,,366,2,,,0,212,,367,2,,,0
901,'4854',636,,370,2,,,0,210,,369,2,,,0,260,,372,2,,,0,218,,371,2,,,0,390,,373,2,,,0,212,,375,2,,,0,212,,374,2,,,0
3600,'4158',1046,,456,2,,,0,470,,457,2,,,0
3600,'4853',746,,459,2,,,0,665,,458,2,,,0,320,,460,2,,,0
3600,'4854',746,,463,2,,,0,665,,461,2,,,0,320,,462,2,,,0
6600,'4158',1213,,476,21,4,,0,307,,475,21,4,,0,320,,474,21,4,,0
6600,'4159',1213,,479,21,4,,0,307,,478,21,4,,0,320,,477,21,4,,0
6601,'4158',918,,488,2,,,0,306,,489,2,,,0,320,,490,2,,,0
6601,'4159',918,,493,2,,,0,306,,491,2,,,0,320,,492,2,,,0
