201,'4158',906,,47,17,,,0,141,,51,17,,,0,100,,48,17,,,0,100,,50,17,,,0,160,,52,17,,,0,139,,49,17,,,0,100,,53,17,,,0,100,,54,17,,,0
201,'4159',942,,55,17,,,0,205,,56,17,,,0,165,,60,17,,,0,95,,58,17,,,0,140,,61,17,,,0,100,,59,17,,,0,100,,57,17,,,0
201,'4853',744,,62,17,,,0,68,,63,17,,,0,98,,64,17,,,0,42,,65,17,,,0,163,,66,17,,,0,99,,72,17,,,0,105,,67,17,,,0,99,,68,17,,,0,30,,69,17,,,0,95,,74,17,,,0,76,,70,17,,,0,103,,71,17,,,0,30,,73,17,,,0,160,,75,17,,,0
201,'4854',744,,79,17,,,0,68,,78,17,,,0,98,,80,17,,,0,42,,76,17,,,0,163,,77,17,,,0,99,,85,17,,,0,105,,82,17,,,0,99,,83,17,,,0,30,,81,17,,,0,95,,90,17,,,0,76,,88,17,,,0,103,,87,17,,,0,30,,86,17,,,0,160,,91,17,,,0,35,,84,17,,,0,204,,89,17,,,0
601,'4158',949,,217,46,,,0,498,,218,43,,,0,297,,219,46,,,0
601,'4159',1348,,220,46,,,0,398,,221,43,,,0
601,'4853',719,,222,46,,,0,190,,228,46,,,0,198,,223,46,,,0,197,,227,43,,,0,146,,224,46,,,0,196,,225,43,,,0,200,,226,46,,,0
601,'4854',719,,229,46,,,0,190,,230,46,,,0,198,,232,46,,,0,197,,231,43,,,0,146,,235,46,,,0,196,,233,43,,,0,200,,234,46,,,0,509,,236,43,,,0
700,'4853',718,,257,13,0,5 6,0,182,,256,13,0,5 6,0,218,,252,13,0,5 6,0,235,,255,13,0,5 6,0,298,,254,13,0,5 6,0,179,,248,13,0,5 6,0,115,,249,13,0,5 6,0
700,'4854',718,,261,13,0,5 6,0,182,,259,13,0,5 6,0,218,,268,13,0,5 6,0,235,,270,13,0,5 6,0,298,,264,13,0,5 6,0,179,,262,13,0,5 6,0,115,,266,13,0,5 6,0
3601,'4158',1029,,465,22,,,0,419,,464,22,,,0
3601,'4853',735,,466,22,,,0,587,,467,22,,,0,334,,468,22,,,0,261,,469,22,,,0
3601,'4854',735,,472,22,,,0,587,,471,22,,,0,334,,470,22,,,0,261,,473,22,,,0
