3400,'4158',914,,433,13,,,0,327,,434,13,,,0,93,,435,13,,,0,377,,432,13,,,0
3400,'5053',936,,436,13,,,0,99,,437,13,,,0,165,,438,13,,,0,405,,439,13,,,0
3400,'5055',936,,441,13,,,0,99,,440,13,,,0,165,,442,13,,,0,405,,443,13,,,0
3401,'4158',839,,445,10,,,0,365,,444,10,,,0,54,,446,10,,,0,377,,447,10,,,0
3401,'5053',905,,451,10,,,0,96,,448,10,,,0,125,,449,10,,,0,405,,450,10,,,0
3401,'5055',905,,453,10,,,0,96,,454,10,,,0,125,,452,10,,,0,405,,455,10,,,0
3600,'4158',1116,,456,11,,,0,431,,457,11,,,0
3600,'5053',817,,459,11,,,0,625,,458,11,,,0,360,,460,11,,,0
3600,'5055',817,,463,11,,,0,625,,461,11,,,0,360,,462,11,,,0
3601,'4158',1002,,465,10,,,0,420,,464,10,,,0
3601,'5053',706,,466,10,,,0,546,,467,10,,,0,377,,468,10,,,0,221,,469,10,,,0
3601,'5055',706,,472,10,,,0,546,,471,10,,,0,377,,470,10,,,0,221,,473,10,,,0
