800,'4158',1130,,307,55,,,0,372,,305,55,,,0,118,,306,55,,,0
800,'4159',1211,,309,55,,,0,445,,308,55,,,0
800,'4853',726,,310,54,,,0,211,,315,55,,,0,270,,312,55,,,0,405,,316,55,,,0,207,,314,55,,,0,98,,313,55,,,0,219,,311,55,,,0
800,'4854',726,,318,54,,,0,211,,320,55,,,0,270,,319,55,,,0,405,,317,55,,,0,207,,324,55,,,0,98,,323,55,,,0,219,,321,55,,,0,210,,322,55,,,0
901,'4158',1215,,361,12,,,0,489,,360,12,,,0
901,'4159',1251,,362,12,,,0
901,'4853',652,,365,12,,,0,250,,368,12,,,0,220,,364,12,,,0,220,,363,12,,,0,390,,366,12,,,0,210,,367,12,,,0
901,'4854',652,,370,12,,,0,250,,369,12,,,0,220,,372,12,,,0,220,,371,12,,,0,390,,373,12,,,0,210,,375,12,,,0,212,,374,12,,,0
6600,'4158',1202,,476,19,4,,0,307,,475,19,4,,0,320,,474,19,4,,0
6600,'4159',1202,,479,19,4,,0,307,,478,19,4,,0,320,,477,19,4,,0
6600,'4853',1506,,480,19,4,,0,200,,482,19,4,,0,25,,481,19,4,,0,102,,483,19,4,,0
6600,'4854',1506,,484,19,4,,0,200,,486,19,4,,0,25,,485,19,4,,0,102,,487,19,4,,0
6601,'4158',930,,488,6,,,0,306,,489,6,,,0,320,,490,6,,,0
6601,'4159',930,,493,6,,,0,306,,491,6,,,0,320,,492,6,,,0
6601,'4853',543,,495,4,,,0,81,,496,4,,,0,15,,497,4,,,0,293,,494,4,,,0
6601,'4854',543,,498,4,,,0,81,,501,4,,,0,15,,500,4,,,0,293,,499,4,,,0
