2,200,'4158',1,2,3,4,5,6,7,8
2,200,'4159',9,10,11,12,13,14,15
2,200,'4853',16,17,18,19,20,21,22,23,24,25,26,27,28,29
2,200,'4854',30,31,32,33,34,35,36,37,38,39,40,41,42,43,44,45,46
2,201,'4158',47,48,49,50,51,52,53,54
2,201,'4159',55,56,57,58,59,60,61
2,201,'4853',62,63,64,65,66,67,68,69,70,71,72,73,74,75
2,201,'4854',76,77,78,79,80,81,82,83,84,85,86,87,88,89,90,91
3,300,'4158',92,93,94,95
3,300,'4159',96,97,98,99
3,300,'4853',100,101,102,103,104,105,106,107
3,300,'4854',108,109,110,111,112,113,114,115,116,117
3,301,'4158',118,119,120,121
3,301,'4159',122,123,124,125
3,301,'4853',126,127,128,129,130,131
3,301,'4854',132,133,134,135,136,137,138
4,400,'4158',139,140,141,142
4,400,'4159',143,144
4,400,'4853',145,146,147,148,149,150,151,152
4,400,'4854',153,154,155,156,157,158,159,160,161
4,401,'4158',162,163,164,165
4,401,'4159',166,167
4,401,'4853',168,169,170,171,172,173,174,175
4,401,'4854',176,177,178,179,180,181,182,183,184
5,501,'4853',185,186,187,188,189,190
5,501,'4854',191,192,193,194,195,196
6,600,'4158',197,198,199
6,600,'4159',200,201
6,600,'4853',202,203,204,205,206,207,208
6,600,'4854',209,210,211,212,213,214,215,216
6,601,'4158',217,218,219
6,601,'4159',220,221
6,601,'4853',222,223,224,225,226,227,228
6,601,'4854',229,230,231,232,233,234,235,236
7,700,'4158',237,238,239,240,241
7,700,'4159',242,243,244
7,700,'4853',245,246,247,248,249,250,251,252,253,254,255,256,257
7,700,'4854',258,259,260,261,262,263,264,265,266,267,268,269,270,271
7,701,'4158',272,273,274,275,276
7,701,'4159',277,278,279
7,701,'4853',280,281,282,283,284,285,286,287,288,289,290,291
7,701,'4854',292,293,294,295,296,297,298,299,300,301,302,303,304
8,800,'4158',305,306,307
8,800,'4159',308,309
8,800,'4853',310,311,312,313,314,315,316
8,800,'4854',317,318,319,320,321,322,323,324
8,801,'4158',325,326,327
8,801,'4159',328,329
8,801,'4853',330,331,332,333,334,335
8,801,'4854',336,337,338,339,340,341,342
9,900,'4158',343,344,345
9,900,'4159',346
9,900,'4853',347,348,349,350,351,352
9,900,'4854',353,354,355,356,357,358,359
9,901,'4158',360,361
9,901,'4159',362
9,901,'4853',363,364,365,366,367,368
9,901,'4854',369,370,371,372,373,374,375
20,2001,'4158',376,377,378,379
20,2001,'4853',380,381,382,383,384,385,386
20,2001,'4854',387,388,389,390,391,392,393,394,395
21,2101,'4158',396,397,398,399
21,2101,'4853',400,401,402,403,404,405
21,2101,'4854',406,407,408,409,410,411,412,413
31,3101,'4158',414,415,416,417,418,419
31,3101,'4853',420,421,422,423,424,425
31,3101,'4854',426,427,428,429,430,431
34,3400,'4158',432,433,434,435
34,3400,'4853',436,437,438,439
34,3400,'4854',440,441,442,443
34,3401,'4158',444,445,446,447
34,3401,'4853',448,449,450,451
34,3401,'4854',452,453,454,455
36,3600,'4158',456,457
36,3600,'4853',458,459,460
36,3600,'4854',461,462,463
36,3601,'4158',464,465
36,3601,'4853',466,467,468,469
36,3601,'4854',470,471,472,473
66,6600,'4158',474,475,476
66,6600,'4159',477,478,479
66,6600,'4853',480,481,482,483
66,6600,'4854',484,485,486,487
66,6601,'4158',488,489,490
66,6601,'4159',491,492,493
66,6601,'4853',494,495,496,497
66,6601,'4854',498,499,500,501
99,9900,'4853',502,503
99,9900,'4854',504,505
99,9901,'4853',506,507
99,9901,'4854',508,509
