200,'4158',825,,1,1,,,0,180,,5,1,,,0,100,,2,1,,,0,100,,3,1,,,0,120,,6,1,,,0,180,,4,1,,,0,100,,7,1,,,0,100,,8,1,,,0
200,'4159',900,,9,1,,,0,205,,10,1,,,0,125,,11,1,,,0,95,,12,1,,,0,180,,15,1,,,0,100,,13,1,,,0,100,,14,1,,,0
200,'4853',730,,16,1,,,0,95,,17,1,,,0,83,,18,1,,,0,122,,19,1,,,0,100,,20,1,,,0,105,,21,1,,,0,100,,22,1,,,0,70,,23,1,,,0,95,,24,1,,,0,105,,25,1,,,0,35,,26,1,,,0,70,,29,1,,,0,25,,27,1,,,0,95,,28,1,,,0
200,'4854',730,,32,1,,,0,95,,33,1,,,0,83,,30,1,,,0,122,,31,1,,,0,100,,38,1,,,0,105,,34,1,,,0,100,,37,1,,,0,70,,35,1,,,0,95,,44,1,,,0,105,,41,1,,,0,35,,42,1,,,0,70,,46,1,,,0,25,,45,1,,,0,95,,43,1,,,0,75,,36,1,,,0,95,,39,1,,,0,100,,40,1,,,0
201,'4158',910,,47,19,4,,0,141,,51,19,4,,0,100,,48,19,4,,0,100,,50,19,4,,0,160,,52,19,4,,0,139,,49,19,4,,0,100,,53,19,4,,0,100,,54,19,4,,0
201,'4159',946,,55,19,4,,0,205,,56,19,4,,0,165,,60,19,4,,0,95,,58,19,4,,0,140,,61,19,4,,0,100,,59,19,4,,0,100,,57,19,4,,0
201,'4853',747,,62,19,4,,0,68,,63,19,4,,0,98,,64,19,4,,0,42,,65,19,4,,0,163,,66,19,4,,0,99,,72,19,4,,0,105,,67,19,4,,0,99,,68,19,4,,0,30,,69,19,4,,0,95,,74,19,4,,0,76,,70,19,4,,0,103,,71,19,4,,0,30,,73,19,4,,0,160,,75,19,4,,0
201,'4854',747,,79,19,4,,0,68,,78,19,4,,0,98,,80,19,4,,0,42,,76,19,4,,0,163,,77,19,4,,0,99,,85,19,4,,0,105,,82,19,4,,0,99,,83,19,4,,0,30,,81,19,4,,0,95,,90,19,4,,0,76,,88,19,4,,0,103,,87,19,4,,0,30,,86,19,4,,0,160,,91,19,4,,0,35,,84,19,4,,0,204,,89,19,4,,0
300,'4158',1049,,92,19,4,,0,206,,93,19,4,,0,199,,94,19,4,,0,199,,95,19,4,,0
300,'4159',1048,,96,19,4,,0,205,,97,19,4,,0,199,,99,19,4,,0,198,,98,19,4,,0
300,'4853',714,,105,19,4,,0,132,,101,19,4,,0,199,,102,19,4,,0,176,,100,19,4,,0,132,,104,19,4,,0,173,,103,19,4,,0,125,,106,19,4,,0,169,,107,19,4,,0
300,'4854',714,,112,19,4,,0,132,,110,19,4,,0,199,,108,19,4,,0,176,,111,19,4,,0,132,,109,19,4,,0,173,,113,19,4,,0,125,,116,19,4,,0,169,,117,19,4,,0,224,,115,19,4,,0,100,,114,19,4,,0
301,'4158',1005,,118,1,,,0,205,,120,1,,,0,200,,119,1,,,0,200,,121,1,,,0
301,'4159',1005,,122,1,,,0,205,,123,1,,,0,200,,124,1,,,0,198,,125,1,,,0
301,'4853',800,,126,1,,,0,158,,127,1,,,0,349,,130,1,,,0,133,,128,1,,,0,96,,129,1,,,0,94,,131,1,,,0
301,'4854',800,,134,1,,,0,158,,132,1,,,0,349,,133,1,,,0,133,,135,1,,,0,96,,136,1,,,0,94,,138,1,,,0,481,,137,1,,,0
400,'4158',1105,,139,1,,,0,200,,140,1,,,0,195,,141,1,,,0,204,,142,1,,,0
400,'4159',1105,,143,1,,,0,400,,144,1,,,0
400,'4853',745,,152,1,,,0,180,,147,1,,,0,175,,151,1,,,0,145,,149,1,,,0,185,,146,1,,,0,75,,150,1,,,0,152,,145,1,,,0,188,,148,1,,,0
400,'4854',745,,156,1,,,0,180,,155,1,,,0,175,,154,1,,,0,145,,153,1,,,0,185,,160,1,,,0,75,,159,1,,,0,152,,158,1,,,0,188,,161,1,,,0,110,,157,1,,,0
401,'4158',1203,,163,37,4,,0,202,,162,25,4,,0,154,,164,25,4,,0,243,,165,25,4,,0
401,'4159',1202,,166,37,4,,0,400,,167,25,4,,0
401,'4853',845,,175,37,4,,0,180,,171,25,4,,0,178,,174,37,4,,0,146,,169,37,4,,0,184,,168,25,4,,0,73,,170,37,4,,0,142,,173,25,4,,0,197,,172,25,4,,0
401,'4854',845,,179,37,4,,0,180,,178,25,4,,0,178,,177,37,4,,0,146,,176,37,4,,0,184,,184,25,4,,0,73,,183,37,4,,0,142,,181,25,4,,0,197,,182,25,4,,0,104,,180,25,4,,0
501,'4853',850,,190,1,,,0,70,,190,30,4,,0,110,,188,1,,,0,29,,188,30,4,,0,149,,189,1,,,0,33,,189,30,4,,0,214,,185,1,,,0,71,,185,30,4,,0,79,,187,1,,,0,31,,187,30,4,,0,169,,186,1,,,0,28,,186,30,4,,0
501,'4854',850,,192,1,,,0,70,,192,30,4,,0,110,,194,1,,,0,29,,194,30,4,,0,149,,191,1,,,0,33,,191,30,4,,0,214,,193,1,,,0,71,,193,30,4,,0,79,,196,1,,,0,31,,196,30,4,,0,169,,195,1,,,0,28,,195,30,4,,0
600,'4158',808,,197,1,,,0,497,,199,1,,,0,296,,198,1,,,0
600,'4159',1205,,200,1,,,0,398,,201,1,,,0
600,'4853',600,,206,1,,,0,130,,208,1,,,0,195,,203,1,,,0,195,,207,1,,,0,190,,204,1,,,0,190,,205,1,,,0,205,,202,1,,,0
600,'4854',600,,209,1,,,0,130,,210,1,,,0,195,,211,1,,,0,195,,212,1,,,0,190,,215,1,,,0,190,,214,1,,,0,205,,213,1,,,0,505,,216,1,,,0
601,'4158',953,,217,48,4,,0,497,,218,45,4,,0,298,,219,48,4,,0
601,'4159',1351,,220,48,4,,0,398,,221,45,4,,0
601,'4853',723,,222,48,4,,0,190,,228,48,4,,0,198,,223,48,4,,0,197,,227,45,4,,0,146,,224,48,4,,0,196,,225,45,4,,0,200,,226,48,4,,0
601,'4854',723,,229,48,4,,0,190,,230,48,4,,0,198,,232,48,4,,0,197,,231,45,4,,0,146,,235,48,4,,0,196,,233,45,4,,0,200,,234,48,4,,0,509,,236,45,4,,0
700,'4158',1058,,238,42,4,,0,185,,237,42,4,,0,312,,240,42,4,,0,190,,239,42,4,,0,192,,241,42,4,,0
700,'4159',1137,,242,42,4,,0,420,,243,42,4,,0,379,,244,42,4,,0
700,'4853',721,,257,15,4,,0,6,,245,42,4,,0,176,,256,15,4,,0,115,,250,42,4,,0,103,,252,15,4,,0,180,,246,42,4,,0,55,,255,15,4,,0,92,,253,42,4,,0,205,,247,42,4,,0,1,,254,15,4,,0,179,,248,15,4,,0,115,,249,15,4,,0,157,,251,42,4,,0
700,'4854',721,,261,15,4,,0,6,,258,42,4,,0,176,,259,15,4,,0,115,,263,42,4,,0,103,,268,15,4,,0,180,,260,42,4,,0,55,,270,15,4,,0,92,,265,42,4,,0,205,,267,42,4,,0,1,,264,15,4,,0,179,,262,15,4,,0,115,,266,15,4,,0,157,,271,42,4,,0,231,,269,42,4,,0
701,'4158',920,,273,1,0,5 6,0,185,,272,1,0,5 6,0,315,,274,1,0,5 6,0,188,,275,1,0,5 6,0,192,,276,1,0,5 6,0
701,'4159',1000,,277,1,0,5 6,0,420,,278,1,0,5 6,0,338,,279,1,0,5 6,0
701,'4853',555,,280,1,0,5 6,0,178,,291,1,0,5 6,0,122,,284,1,0,5 6,0,100,,281,1,0,5 6,0,180,,286,1,0,5 6,0,97,,290,1,0,5 6,0,93,,287,1,0,5 6,0,205,,282,1,0,5 6,0,171,,283,1,0,5 6,0,136,,289,1,0,5 6,0,93,,288,1,0,5 6,0
701,'4854',555,,292,1,0,5 6,0,178,,293,1,0,5 6,0,122,,297,1,0,5 6,0,100,,302,1,0,5 6,0,180,,294,1,0,5 6,0,97,,303,1,0,5 6,0,93,,295,1,0,5 6,0,205,,301,1,0,5 6,0,171,,298,1,0,5 6,0,136,,296,1,0,5 6,0,93,,304,1,0,5 6,0,270,,300,1,0,5 6,0
800,'4158',1145,,307,65,4,,0,372,,305,65,4,,0,118,,306,65,4,,0
800,'4159',1225,,309,65,4,,0,485,,308,65,4,,0
800,'4853',740,,310,64,4,,0,211,,315,65,4,,0,272,,312,65,4,,0,405,,316,65,4,,0,204,,314,65,4,,0,98,,313,65,4,,0,219,,311,65,4,,0
800,'4854',740,,318,64,4,,0,211,,320,65,4,,0,272,,319,65,4,,0,405,,317,65,4,,0,204,,324,65,4,,0,98,,323,65,4,,0,219,,321,65,4,,0,210,,322,65,4,,0
801,'4158',930,,327,1,,,0,370,,325,1,,,0,118,,326,1,,,0
801,'4159',959,,329,1,,,0,488,,328,1,,,0
801,'4853',749,,330,1,,,0,255,,331,1,,,0,405,,332,1,,,0,210,,333,1,,,0,111,,334,1,,,0,219,,335,1,,,0
801,'4854',749,,338,1,,,0,255,,337,1,,,0,405,,336,1,,,0,210,,339,1,,,0,111,,341,1,,,0,219,,340,1,,,0,210,,342,1,,,0
900,'4158',920,,343,40,4,,0,436,,345,40,4,,0,488,,344,40,4,,0
900,'4159',1432,,346,40,4,,0
900,'4853',831,,348,40,4,,0,209,,347,40,4,,0,260,,349,40,4,,0,220,,352,40,4,,0,390,,350,40,4,,0,210,,351,40,4,,0
900,'4854',831,,353,40,4,,0,209,,354,40,4,,0,260,,355,40,4,,0,220,,356,40,4,,0,390,,359,40,4,,0,210,,357,40,4,,0,212,,358,40,4,,0
901,'4158',1156,,361,1,,,0,489,,360,1,,,0
901,'4159',1234,,362,1,,,0
901,'4853',635,,365,1,,,0,210,,368,1,,,0,260,,364,1,,,0,218,,363,1,,,0,390,,366,1,,,0,212,,367,1,,,0
901,'4854',635,,370,1,,,0,210,,369,1,,,0,260,,372,1,,,0,218,,371,1,,,0,390,,373,1,,,0,212,,375,1,,,0,212,,374,1,,,0
3600,'4158',1045,,456,1,,,0,470,,457,1,,,0
3600,'4853',745,,459,1,,,0,665,,458,1,,,0,320,,460,1,,,0
3600,'4854',745,,463,1,,,0,665,,461,1,,,0,320,,462,1,,,0
3601,'4158',1032,,465,24,4,,0,419,,464,24,4,,0
3601,'4853',738,,466,24,4,,0,587,,467,24,4,,0,334,,468,24,4,,0,261,,469,24,4,,0
3601,'4854',738,,472,24,4,,0,587,,471,24,4,,0,334,,470,24,4,,0,261,,473,24,4,,0
6600,'4158',1223,,476,23,4,,0,307,,475,23,4,,0,320,,474,23,4,,0
6600,'4159',1223,,479,23,4,,0,307,,478,23,4,,0,320,,477,23,4,,0
6600,'4853',1517,,480,21,4,,0,200,,482,21,4,,0,25,,481,21,4,,0,101,,483,21,4,,0
6600,'4854',1517,,484,21,4,,0,200,,486,21,4,,0,25,,485,21,4,,0,101,,487,21,4,,0
6601,'4158',917,,488,1,,,0,306,,489,1,,,0,320,,490,1,,,0
6601,'4159',917,,493,1,,,0,306,,491,1,,,0,320,,492,1,,,0
6601,'4853',534,,495,1,,,0,81,,496,1,,,0,15,,497,1,,,0,293,,494,1,,,0
6601,'4854',534,,498,1,,,0,81,,501,1,,,0,15,,500,1,,,0,293,,499,1,,,0
