800,'4158',1043,,307,7,,,0,372,,305,7,,,0,118,,306,7,,,0
800,'5053',640,,310,6,,,0,211,,315,7,,,0,268,,312,7,,,0,405,,316,7,,,0,210,,314,7,,,0,98,,313,7,,,0,219,,311,7,,,0
800,'5055',640,,318,6,,,0,211,,320,7,,,0,268,,319,7,,,0,405,,317,7,,,0,210,,324,7,,,0,98,,323,7,,,0,219,,321,7,,,0,250,,322,7,,,0
800,'5057',1124,,309,7,,,0,485,,308,7,,,0
900,'4158',837,,343,6,,,0,476,,345,6,,,0,488,,344,6,,,0
900,'5053',750,,348,6,,,0,251,,347,6,,,0,220,,349,6,,,0,220,,352,6,,,0,390,,350,6,,,0,210,,351,6,,,0
900,'5055',750,,353,6,,,0,251,,354,6,,,0,220,,355,6,,,0,220,,356,6,,,0,390,,359,6,,,0,210,,357,6,,,0,212,,358,6,,,0
900,'5057',1351,,346,6,,,0
6600,'4158',1145,,520,16,4,,0,306,,519,16,4,,0,360,,518,16,4,,0
6600,'5053',1448,,510,16,4,,0,200,,512,16,4,,0,65,,511,16,4,,0,104,,513,16,4,,0
6600,'5055',1448,,514,16,4,,0,200,,516,16,4,,0,65,,515,16,4,,0,104,,517,16,4,,0
6600,'5057',1145,,523,16,4,,0,306,,522,16,4,,0,360,,521,16,4,,0
9900,'5053',1636,,539,16,4,,0,103,,538,16,4,,0
9900,'5055',1636,,540,16,4,,0,103,,541,16,4,,0
