501,'4853',913,,190,23,,,0,139,,188,23,,,0,180,,189,23,,,0,285,,185,23,,,0,110,,187,23,,,0,199,,186,23,,,0
501,'4854',913,,192,23,,,0,139,,194,23,,,0,180,,191,23,,,0,285,,193,23,,,0,110,,196,23,,,0,199,,195,23,,,0
800,'4158',1141,,307,61,,,0,372,,305,61,,,0,118,,306,61,,,0
800,'4159',1221,,309,61,,,0,485,,308,61,,,0
800,'4853',736,,310,60,,,0,211,,315,61,,,0,272,,312,61,,,0,405,,316,61,,,0,205,,314,61,,,0,98,,313,61,,,0,219,,311,61,,,0
800,'4854',736,,318,60,,,0,211,,320,61,,,0,272,,319,61,,,0,405,,317,61,,,0,205,,324,61,,,0,98,,323,61,,,0,219,,321,61,,,0,210,,322,61,,,0
900,'4158',916,,343,36,,,0,436,,345,36,,,0,488,,344,36,,,0
900,'4159',1428,,346,36,,,0
900,'4853',827,,348,36,,,0,210,,347,36,,,0,220,,349,36,,,0,260,,352,36,,,0,390,,350,36,,,0,210,,351,36,,,0
900,'4854',827,,353,36,,,0,210,,354,36,,,0,220,,355,36,,,0,260,,356,36,,,0,390,,359,36,,,0,210,,357,36,,,0,212,,358,36,,,0
