300,'4158',1035,,92,14,,,0,206,,93,14,,,0,200,,94,14,,,0,199,,95,14,,,0
300,'4159',1035,,96,14,,,0,205,,97,14,,,0,200,,99,14,,,0,198,,98,14,,,0
300,'4853',703,,105,14,,,0,131,,101,14,,,0,199,,102,14,,,0,176,,100,14,,,0,132,,104,14,,,0,173,,103,14,,,0,125,,106,14,,,0,170,,107,14,,,0
300,'4854',703,,112,14,,,0,131,,110,14,,,0,199,,108,14,,,0,176,,111,14,,,0,132,,109,14,,,0,173,,113,14,,,0,125,,116,14,,,0,170,,117,14,,,0,225,,115,14,,,0,100,,114,14,,,0
600,'4158',812,,197,5,,,0,498,,199,5,,,0,296,,198,5,,,0
600,'4159',1209,,200,5,,,0,399,,201,5,,,0
600,'4853',603,,206,5,,,0,132,,208,5,,,0,195,,203,5,,,0,195,,207,5,,,0,190,,204,5,,,0,190,,205,5,,,0,205,,202,5,,,0
600,'4854',603,,209,5,,,0,132,,210,5,,,0,195,,211,5,,,0,195,,212,5,,,0,190,,215,5,,,0,190,,214,5,,,0,205,,213,5,,,0,504,,216,5,,,0
801,'4158',933,,327,5,,,0,371,,325,5,,,0,118,,326,5,,,0
801,'4159',1002,,329,5,,,0,448,,328,5,,,0
801,'4853',753,,330,5,,,0,255,,331,5,,,0,405,,332,5,,,0,210,,333,5,,,0,111,,334,5,,,0,219,,335,5,,,0
801,'4854',753,,338,5,,,0,255,,337,5,,,0,405,,336,5,,,0,210,,339,5,,,0,111,,341,5,,,0,219,,340,5,,,0,250,,342,5,,,0
901,'4158',1200,,361,5,,,0,449,,360,5,,,0
901,'4159',1237,,362,5,,,0
901,'4853',639,,365,5,,,0,210,,368,5,,,0,260,,364,5,,,0,218,,363,5,,,0,390,,366,5,,,0,212,,367,5,,,0
901,'4854',639,,370,5,,,0,210,,369,5,,,0,260,,372,5,,,0,218,,371,5,,,0,390,,373,5,,,0,212,,375,5,,,0,212,,374,5,,,0
