800,'4158',1126,,307,54,,,0,332,,305,54,,,0,158,,306,54,,,0
800,'5053',721,,310,53,,,0,211,,315,54,,,0,270,,312,54,,,0,405,,316,54,,,0,207,,314,54,,,0,98,,313,54,,,0,219,,311,54,,,0
800,'5055',721,,318,53,,,0,211,,320,54,,,0,270,,319,54,,,0,405,,317,54,,,0,207,,324,54,,,0,98,,323,54,,,0,219,,321,54,,,0,210,,322,54,,,0
800,'5057',1206,,309,54,,,0,445,,308,54,,,0
801,'4158',954,,327,19,,,0,372,,325,19,,,0,118,,326,19,,,0
801,'5053',812,,330,19,,,0,218,,331,19,,,0,405,,332,19,,,0,210,,333,19,,,0,109,,334,19,,,0,259,,335,19,,,0
801,'5055',812,,338,19,,,0,218,,337,19,,,0,405,,336,19,,,0,210,,339,19,,,0,109,,341,19,,,0,259,,340,19,,,0,210,,342,19,,,0
801,'5057',1023,,329,19,,,0,488,,328,19,,,0
900,'4158',858,,343,23,,,0,476,,345,23,,,0,488,,344,23,,,0
900,'5053',811,,348,23,,,0,210,,347,23,,,0,220,,349,23,,,0,260,,352,23,,,0,350,,350,23,,,0,250,,351,23,,,0
900,'5055',811,,353,23,,,0,210,,354,23,,,0,220,,355,23,,,0,260,,356,23,,,0,350,,359,23,,,0,250,,357,23,,,0,212,,358,23,,,0
900,'5057',1412,,346,23,,,0
901,'4158',1220,,361,13,,,0,489,,360,13,,,0
901,'5053',657,,365,13,,,0,251,,368,13,,,0,220,,364,13,,,0,220,,363,13,,,0,390,,366,13,,,0,210,,367,13,,,0
901,'5055',657,,370,13,,,0,251,,369,13,,,0,220,,372,13,,,0,220,,371,13,,,0,390,,373,13,,,0,210,,375,13,,,0,252,,374,13,,,0
901,'5057',1258,,362,13,,,0
