801,'4158',937,,327,7,,,0,371,,325,7,,,0,118,,326,7,,,0
801,'4159',1006,,329,7,,,0,448,,328,7,,,0
801,'4853',756,,330,7,,,0,256,,331,7,,,0,405,,332,7,,,0,210,,333,7,,,0,111,,334,7,,,0,219,,335,7,,,0
801,'4854',756,,338,7,,,0,256,,337,7,,,0,405,,336,7,,,0,210,,339,7,,,0,111,,341,7,,,0,219,,340,7,,,0,250,,342,7,,,0
901,'4158',1204,,361,7,,,0,449,,360,7,,,0
901,'4159',1241,,362,7,,,0
901,'4853',642,,365,7,,,0,210,,368,7,,,0,260,,364,7,,,0,219,,363,7,,,0,390,,366,7,,,0,211,,367,7,,,0
901,'4854',642,,370,7,,,0,210,,369,7,,,0,260,,372,7,,,0,219,,371,7,,,0,390,,373,7,,,0,211,,375,7,,,0,212,,374,7,,,0
6601,'4158',923,,488,5,,,0,306,,489,5,,,0,320,,490,5,,,0
6601,'4159',923,,493,5,,,0,306,,491,5,,,0,320,,492,5,,,0
6601,'4853',536,,495,3,,,0,81,,496,3,,,0,15,,497,3,,,0,293,,494,3,,,0
6601,'4854',536,,498,3,,,0,81,,501,3,,,0,15,,500,3,,,0,293,,499,3,,,0
