201,'4158',904,,47,14,,,0,141,,51,14,,,0,100,,48,14,,,0,100,,50,14,,,0,160,,52,14,,,0,139,,49,14,,,0,100,,53,14,,,0,100,,54,14,,,0
201,'5053',742,,62,14,,,0,68,,63,14,,,0,97,,64,14,,,0,42,,65,14,,,0,163,,66,14,,,0,99,,72,14,,,0,105,,67,14,,,0,100,,68,14,,,0,30,,69,14,,,0,95,,74,14,,,0,76,,70,14,,,0,103,,71,14,,,0,30,,73,14,,,0,160,,75,14,,,0
201,'5055',742,,79,14,,,0,68,,78,14,,,0,97,,80,14,,,0,42,,76,14,,,0,163,,77,14,,,0,99,,85,14,,,0,105,,82,14,,,0,100,,83,14,,,0,30,,81,14,,,0,95,,90,14,,,0,76,,88,14,,,0,103,,87,14,,,0,30,,86,14,,,0,160,,91,14,,,0,35,,84,14,,,0,204,,89,14,,,0
201,'5057',940,,55,14,,,0,205,,56,14,,,0,165,,60,14,,,0,95,,58,14,,,0,140,,61,14,,,0,100,,59,14,,,0,100,,57,14,,,0
300,'4158',1034,,92,13,,,0,206,,93,13,,,0,200,,94,13,,,0,199,,95,13,,,0
300,'5053',702,,105,13,,,0,131,,101,13,,,0,199,,102,13,,,0,176,,100,13,,,0,132,,104,13,,,0,173,,103,13,,,0,125,,106,13,,,0,170,,107,13,,,0
300,'5055',702,,112,13,,,0,131,,110,13,,,0,199,,108,13,,,0,176,,111,13,,,0,132,,109,13,,,0,173,,113,13,,,0,125,,116,13,,,0,170,,117,13,,,0,225,,115,13,,,0,100,,114,13,,,0
300,'5057',1034,,96,13,,,0,205,,97,13,,,0,200,,99,13,,,0,198,,98,13,,,0
600,'4158',811,,197,4,,,0,498,,199,4,,,0,296,,198,4,,,0
600,'5053',603,,206,4,,,0,131,,208,4,,,0,195,,203,4,,,0,195,,207,4,,,0,190,,204,4,,,0,191,,205,4,,,0,205,,202,4,,,0
600,'5055',603,,209,4,,,0,131,,210,4,,,0,195,,211,4,,,0,195,,212,4,,,0,190,,215,4,,,0,191,,214,4,,,0,205,,213,4,,,0,504,,216,4,,,0
600,'5057',1209,,200,4,,,0,399,,201,4,,,0
801,'4158',933,,327,4,,,0,371,,325,4,,,0,118,,326,4,,,0
801,'5053',753,,330,4,,,0,255,,331,4,,,0,405,,332,4,,,0,210,,333,4,,,0,111,,334,4,,,0,219,,335,4,,,0
801,'5055',753,,338,4,,,0,255,,337,4,,,0,405,,336,4,,,0,210,,339,4,,,0,111,,341,4,,,0,219,,340,4,,,0,250,,342,4,,,0
801,'5057',1002,,329,4,,,0,448,,328,4,,,0
901,'4158',1200,,361,4,,,0,449,,360,4,,,0
901,'5053',639,,365,4,,,0,210,,368,4,,,0,260,,364,4,,,0,218,,363,4,,,0,390,,366,4,,,0,212,,367,4,,,0
901,'5055',639,,370,4,,,0,210,,369,4,,,0,260,,372,4,,,0,218,,371,4,,,0,390,,373,4,,,0,212,,375,4,,,0,212,,374,4,,,0
901,'5057',1237,,362,4,,,0
