800,'4158',1108,,307,35,,,0,332,,305,35,,,0,118,,306,35,,,0
800,'5053',704,,310,34,,,0,211,,315,35,,,0,229,,312,35,,,0,405,,316,35,,,0,208,,314,35,,,0,98,,313,35,,,0,259,,311,35,,,0
800,'5055',704,,318,34,,,0,211,,320,35,,,0,229,,319,35,,,0,405,,317,35,,,0,208,,324,35,,,0,98,,323,35,,,0,259,,321,35,,,0,210,,322,35,,,0
800,'5057',1148,,309,35,,,0,485,,308,35,,,0
901,'4158',1237,,361,31,,,0,489,,360,31,,,0
901,'5053',714,,365,31,,,0,211,,368,31,,,0,220,,364,31,,,0,260,,363,31,,,0,350,,366,31,,,0,250,,367,31,,,0
901,'5055',714,,370,31,,,0,211,,369,31,,,0,220,,372,31,,,0,260,,371,31,,,0,350,,373,31,,,0,250,,375,31,,,0,212,,374,31,,,0
901,'5057',1315,,362,31,,,0
9901,'5053',620,,542,4,,,0,82,,543,4,,,0
9901,'5055',620,,545,4,,,0,82,,544,4,,,0
