800,'4158',1103,,307,29,,,0,332,,305,29,,,0,118,,306,29,,,0
800,'5053',700,,310,28,,,0,210,,315,29,,,0,229,,312,29,,,0,405,,316,29,,,0,209,,314,29,,,0,98,,313,29,,,0,259,,311,29,,,0
800,'5055',700,,318,28,,,0,210,,320,29,,,0,229,,319,29,,,0,405,,317,29,,,0,209,,324,29,,,0,98,,323,29,,,0,259,,321,29,,,0,210,,322,29,,,0
800,'5057',1143,,309,29,,,0,485,,308,29,,,0
901,'4158',1233,,361,25,,,0,489,,360,25,,,0
901,'5053',709,,365,25,,,0,211,,368,25,,,0,220,,364,25,,,0,260,,363,25,,,0,350,,366,25,,,0,250,,367,25,,,0
901,'5055',709,,370,25,,,0,211,,369,25,,,0,220,,372,25,,,0,260,,371,25,,,0,350,,373,25,,,0,250,,375,25,,,0,212,,374,25,,,0
901,'5057',1310,,362,25,,,0
9900,'5053',1649,,539,22,4,,0,103,,538,22,4,,0
9900,'5055',1649,,540,22,4,,0,103,,541,22,4,,0
