3101,'4158',805,,416,1,,,0,22,,416,32,4,,0,98,,417,1,,,0,22,,417,32,4,,0,183,,414,1,,,0,24,,414,32,4,,0,191,,415,1,,,0,64,,415,32,4,,0,192,,419,1,,,0,24,,419,32,4,,0,97,,418,1,,,0,22,,418,32,4,,0
3101,'5053',630,,421,1,,,0,25,,421,32,4,,0,175,,420,1,,,0,25,,420,32,4,,0,194,,425,1,,,0,66,,425,32,4,,0,97,,423,1,,,0,26,,423,32,4,,0,217,,422,1,,,0,65,,422,32,4,,0,295,,424,1,,,0,25,,424,32,4,,0
3101,'5055',630,,426,1,,,0,25,,426,32,4,,0,175,,427,1,,,0,25,,427,32,4,,0,194,,431,1,,,0,66,,431,32,4,,0,97,,428,1,,,0,26,,428,32,4,,0,217,,429,1,,,0,65,,429,32,4,,0,295,,430,1,,,0,25,,430,32,4,,0
3400,'4158',922,,433,22,4,,0,327,,434,22,4,,0,93,,435,22,4,,0,377,,432,22,4,,0
3400,'5053',943,,436,22,4,,0,99,,437,22,4,,0,165,,438,22,4,,0,405,,439,22,4,,0
3400,'5055',943,,441,22,4,,0,99,,440,22,4,,0,165,,442,22,4,,0,405,,443,22,4,,0
3401,'4158',833,,445,1,,,0,325,,444,1,,,0,94,,446,1,,,0,376,,447,1,,,0
3401,'5053',858,,451,1,,,0,96,,448,1,,,0,165,,449,1,,,0,405,,450,1,,,0
3401,'5055',858,,453,1,,,0,96,,454,1,,,0,165,,452,1,,,0,405,,455,1,,,0
3600,'4158',1125,,456,20,4,,0,431,,457,20,4,,0
3600,'5053',825,,459,20,4,,0,625,,458,20,4,,0,360,,460,20,4,,0
3600,'5055',825,,463,20,4,,0,625,,461,20,4,,0,360,,462,20,4,,0
3601,'4158',955,,465,1,,,0,460,,464,1,,,0
3601,'5053',658,,466,1,,,0,586,,467,1,,,0,378,,468,1,,,0,221,,469,1,,,0
3601,'5055',658,,472,1,,,0,586,,471,1,,,0,378,,470,1,,,0,221,,473,1,,,0
