'3300',6601,62800,4,'',0,8600,4,'',0,1500,4,'',0,29300,4,'',0
'4159',6601,102000,4,'',0,30600,4,'',0,32000,4,'',0
'4405',6601,62800,4,'',0,8600,4,'',0,1500,4,'',0,29300,4,'',0
'4406',6601,102000,4,'',0,30600,4,'',0,32000,4,'',0
'4853',6601,62800,4,'',0,8600,4,'',0,1500,4,'',0,29300,4,'',0
'4854',6601,62800,4,'',0,8600,4,'',0,1500,4,'',0,29300,4,'',0
'4855',6601,102000,4,'',0,30600,4,'',0,32000,4,'',0
'3300',9901,70600,4,'',0,5100,4,'',0
'4405',9901,70600,4,'',0,5100,4,'',0
'4853',9901,70600,4,'',0,5100,4,'',0
'4854',9901,70600,4,'',0,5100,4,'',0
